"struc","comp","ele_comb","reward","RL_step","cif"
"Full Formula (Mn2 Cr2 Co1 Cu1 S8)
Reduced Formula: Mn2Cr2CoCuS8
abc   :   9.244707   6.997391   9.240347
angles:  40.776709  43.962914  40.806357
pbc   :       True       True       True
Sites (14)
  #  SP           a          b         c  forces
---  ----  --------  ---------  --------  -----------------------------------------------------------------------
  0  S     0.234445   0.188711  0.333447  [0.003644123673439026, -0.022534340620040894, 0.004634447395801544]
  1  Mn    0.646096   0.910558  0.194785  [0.010949499905109406, 0.017083391547203064, -0.008550591766834259]
  2  S     0.77812    0.376084  0.31545   [0.0007562935352325439, 0.013906925916671753, -0.0031074434518814087]
  3  S     0.782066   0.93351   0.316956  [-0.00459847878664732, 0.010418891906738281, 0.0020572543144226074]
  4  Co    1.01236    0.179448  0.059086  [-0.0055952295660972595, -0.00560077466070652, -0.0020806044340133667]
  5  Cr    0.010097   0.920653  0.56553   [-0.00515415333211422, 0.006821520626544952, 0.005100192502140999]
  6  S     0.775395   0.672224  0.803156  [0.005566805601119995, -0.016297414898872375, -0.007231473922729492]
  7  S     0.769884   0.200988  0.78476   [0.00044174492359161377, 0.04761744290590286, -0.007651627063751221]
  8  S     0.234908  -0.018095  0.809408  [-0.0033579468727111816, -0.019964635372161865, 0.0023485124111175537]
  9  Cr    0.501877   1.17953   0.569352  [-0.0002277679741382599, -0.014071807265281677, 0.0036865733563899994]
 10  Mn    0.00852    0.436618  0.56619   [0.010193472728133202, -0.001115173101425171, -0.0039032772183418274]
 11  Cu    0.362381   0.459966  0.930265  [-0.007219977676868439, -0.01346471905708313, 0.0018610209226608276]
 12  S     0.242072   0.681858  0.325656  [-0.00299227237701416, 0.019861720502376556, 0.013577759265899658]
 13  S     0.239792   0.425781  0.811176  [-0.0024062246084213257, -0.022660978138446808, -0.0007404088973999023]","Mn2Cr2CoCuS8","('Co', 'Cr', 'Cu', 'Mn', 'S')","0.16670244781856575","0.0","# generated using pymatgen
data_Mn2Cr2CoCuS8
_symmetry_space_group_name_H-M   'P 1'
_cell_length_a   9.24470723
_cell_length_b   6.99739110
_cell_length_c   9.24034694
_cell_angle_alpha   40.77670873
_cell_angle_beta   43.96291448
_cell_angle_gamma   40.80635680
_symmetry_Int_Tables_number   1
_chemical_formula_structural   Mn2Cr2CoCuS8
_chemical_formula_sum   'Mn2 Cr2 Co1 Cu1 S8'
_cell_volume   239.60393912
_cell_formula_units_Z   1
loop_
 _symmetry_equiv_pos_site_id
 _symmetry_equiv_pos_as_xyz
  1  'x, y, z'
loop_
 _atom_site_type_symbol
 _atom_site_label
 _atom_site_symmetry_multiplicity
 _atom_site_fract_x
 _atom_site_fract_y
 _atom_site_fract_z
 _atom_site_occupancy
  S  S0  1  0.23444457  0.18871087  0.33344734  1
  Mn  Mn1  1  0.64609636  0.91055813  0.19478477  1
  S  S2  1  0.77812021  0.37608353  0.31545014  1
  S  S3  1  0.78206630  0.93350967  0.31695587  1
  Co  Co4  1  1.01236160  0.17944828  0.05908624  1
  Cr  Cr5  1  0.01009713  0.92065335  0.56552969  1
  S  S6  1  0.77539500  0.67222387  0.80315627  1
  S  S7  1  0.76988386  0.20098772  0.78475983  1
  S  S8  1  0.23490790  -0.01809530  0.80940812  1
  Cr  Cr9  1  0.50187651  1.17953227  0.56935152  1
  Mn  Mn10  1  0.00851985  0.43661815  0.56619042  1
  Cu  Cu11  1  0.36238064  0.45996564  0.93026528  1
  S  S12  1  0.24207237  0.68185767  0.32565557  1
  S  S13  1  0.23979245  0.42578099  0.81117584  1
"
"Full Formula (Yb2 In4 Pt2)
Reduced Formula: YbIn2Pt
abc   :   4.222449   4.224802  11.396427
angles:  89.590996 111.083263  89.985073
pbc   :       True       True       True
Sites (8)
  #  SP            a         b          c  forces
---  ----  ---------  --------  ---------  ---------------------------------------------------------------------
  0  Pt     0.345758  0.207207   0.347424  [0.03538832813501358, 0.015116946771740913, 0.003409147262573242]
  1  In     0.260051  0.713561   0.735286  [-0.04922930896282196, -0.004006192088127136, -0.00978509895503521]
  2  In     0.674684  0.213253   0.169605  [0.014951208606362343, -0.006093001924455166, 0.001996831502765417]
  3  In     0.175357  0.712641   0.169697  [0.014774076640605927, -0.0005318522453308105, 0.0006485982448793948]
  4  Yb     0.919525  0.704131   0.423041  [0.042314864695072174, 0.02205434814095497, 0.008766710758209229]
  5  In     0.617503  0.205958   0.604483  [-0.011302661150693893, 0.016727272421121597, 0.004089362919330597]
  6  Pt     0.506217  0.71826   -0.007948  [-0.01302516832947731, -0.020290624350309372, -0.00398380309343338]
  7  Yb    -0.063031  0.220173   0.916235  [-0.03387124836444855, -0.022976867854595184, -0.005141720175743103]","YbIn2Pt","('In', 'Pt', 'Yb')","0.0","0.0","# generated using pymatgen
data_YbIn2Pt
_symmetry_space_group_name_H-M   'P 1'
_cell_length_a   4.22244907
_cell_length_b   4.22480190
_cell_length_c   11.39642654
_cell_angle_alpha   89.59099648
_cell_angle_beta   111.08326288
_cell_angle_gamma   89.98507318
_symmetry_Int_Tables_number   1
_chemical_formula_structural   YbIn2Pt
_chemical_formula_sum   'Yb2 In4 Pt2'
_cell_volume   189.68603178
_cell_formula_units_Z   2
loop_
 _symmetry_equiv_pos_site_id
 _symmetry_equiv_pos_as_xyz
  1  'x, y, z'
loop_
 _atom_site_type_symbol
 _atom_site_label
 _atom_site_symmetry_multiplicity
 _atom_site_fract_x
 _atom_site_fract_y
 _atom_site_fract_z
 _atom_site_occupancy
  Pt  Pt0  1  0.34575756  0.20720666  0.34742394  1
  In  In1  1  0.26005061  0.71356125  0.73528563  1
  In  In2  1  0.67468382  0.21325314  0.16960530  1
  In  In3  1  0.17535734  0.71264087  0.16969658  1
  Yb  Yb4  1  0.91952494  0.70413052  0.42304096  1
  In  In5  1  0.61750263  0.20595847  0.60448333  1
  Pt  Pt6  1  0.50621677  0.71825995  -0.00794807  1
  Yb  Yb7  1  -0.06303098  0.22017309  0.91623549  1
"
"Full Formula (K3 Na1 Cu1 Cl5)
Reduced Formula: K3NaCuCl5
abc   :   8.167014   8.571338   9.448162
angles:  40.718028  53.272313  55.683384
pbc   :       True       True       True
Sites (10)
  #  SP           a         b          c  forces
---  ----  --------  --------  ---------  ---------------------------------------------------------------------
  0  Cl    0.739588  0.025802   0.165438  [0.0015493035316467285, -0.009398989379405975, 0.006918430328369141]
  1  Cl    0.238117  0.53507    0.512357  [-0.00393849890679121, -0.030604783445596695, 0.012333350256085396]
  2  K     0.652435  0.25885    0.359629  [-0.0015750676393508911, 0.04048442468047142, -0.03815344348549843]
  3  K     0.795029  0.505792   0.653586  [-0.016250252723693848, 0.014616942964494228, 0.002896237187087536]
  4  Cl    0.15031   0.25498    0.131738  [-0.0038581490516662598, -0.008424708619713783, 0.008539095520973206]
  5  K     0.233761  0.964078  -0.000307  [0.03309142589569092, 0.043009400367736816, 0.00025245919823646545]
  6  Cu    0.392909  0.120051   0.258891  [-0.01751577854156494, -0.03233670815825462, 0.024596065282821655]
  7  Cl    0.689449  0.750327  -0.156678  [0.01369427889585495, 0.021685590967535973, -0.020680788904428482]
  8  Na    0.097076  0.710209   0.722937  [0.007722049951553345, 0.0011043809354305267, -0.015728602185845375]
  9  Cl    0.236866  0.015791   0.619659  [-0.012919381260871887, -0.04013556241989136, 0.0190272219479084]","K3NaCuCl5","('Cl', 'Cu', 'K', 'Na')","0.2193703885196381","0.0","# generated using pymatgen
data_K3NaCuCl5
_symmetry_space_group_name_H-M   'P 1'
_cell_length_a   8.16701410
_cell_length_b   8.57133837
_cell_length_c   9.44816188
_cell_angle_alpha   40.71802827
_cell_angle_beta   53.27231293
_cell_angle_gamma   55.68338413
_symmetry_Int_Tables_number   1
_chemical_formula_structural   K3NaCuCl5
_chemical_formula_sum   'K3 Na1 Cu1 Cl5'
_cell_volume   337.98877858
_cell_formula_units_Z   1
loop_
 _symmetry_equiv_pos_site_id
 _symmetry_equiv_pos_as_xyz
  1  'x, y, z'
loop_
 _atom_site_type_symbol
 _atom_site_label
 _atom_site_symmetry_multiplicity
 _atom_site_fract_x
 _atom_site_fract_y
 _atom_site_fract_z
 _atom_site_occupancy
  Cl  Cl0  1  0.73958824  0.02580218  0.16543777  1
  Cl  Cl1  1  0.23811687  0.53507024  0.51235727  1
  K  K2  1  0.65243518  0.25885012  0.35962865  1
  K  K3  1  0.79502905  0.50579204  0.65358631  1
  Cl  Cl4  1  0.15030983  0.25497981  0.13173821  1
  K  K5  1  0.23376114  0.96407756  -0.00030671  1
  Cu  Cu6  1  0.39290893  0.12005086  0.25889087  1
  Cl  Cl7  1  0.68944890  0.75032666  -0.15667794  1
  Na  Na8  1  0.09707557  0.71020922  0.72293748  1
  Cl  Cl9  1  0.23686605  0.01579127  0.61965872  1
"
"Full Formula (Dy6 Lu2)
Reduced Formula: Dy3Lu
abc   :   5.421278   7.069535   8.487860
angles: 128.541498  89.998302  90.012793
pbc   :       True       True       True
Sites (8)
  #  SP           a         b         c  forces
---  ----  --------  --------  --------  ---------------------------------------------------------------------
  0  Dy    0.204862  0.932131  0.24387   [-0.0010200220858678222, -0.006864175200462341, 0.015184715390205383]
  1  Dy    0.204239  0.310824  0.764694  [0.002448763232678175, 0.023606084287166595, -0.0045931898057460785]
  2  Dy    0.704828  0.408495  0.558623  [-0.0002574846148490906, -0.01740855909883976, -0.00863916426897049]
  3  Dy    0.705362  0.026586  0.034256  [-0.0032163243740797043, -0.02159419097006321, 0.024179041385650635]
  4  Lu    0.704498  0.896038  0.544808  [0.002109512686729431, 0.0384606309235096, -0.022767217829823494]
  5  Dy    0.704427  0.515558  0.026401  [0.0012279171496629715, 0.008454924449324608, 0.01030377671122551]
  6  Dy    0.20509   0.825897  0.772719  [-0.0012962350156158209, 0.000870194286108017, 0.002973005175590515]
  7  Lu    0.20489   0.440005  0.25743   [3.870256477966905e-06, -0.025524910539388657, -0.01664096489548683]","Dy3Lu","('Dy', 'Lu')","0.0","1.0","# generated using pymatgen
data_Dy3Lu
_symmetry_space_group_name_H-M   'P 1'
_cell_length_a   5.42127755
_cell_length_b   7.06953465
_cell_length_c   8.48785988
_cell_angle_alpha   128.54149784
_cell_angle_beta   89.99830210
_cell_angle_gamma   90.01279320
_symmetry_Int_Tables_number   1
_chemical_formula_structural   Dy3Lu
_chemical_formula_sum   'Dy6 Lu2'
_cell_volume   254.43956093
_cell_formula_units_Z   2
loop_
 _symmetry_equiv_pos_site_id
 _symmetry_equiv_pos_as_xyz
  1  'x, y, z'
loop_
 _atom_site_type_symbol
 _atom_site_label
 _atom_site_symmetry_multiplicity
 _atom_site_fract_x
 _atom_site_fract_y
 _atom_site_fract_z
 _atom_site_occupancy
  Dy  Dy0  1  0.20486231  0.93213062  0.24386998  1
  Dy  Dy1  1  0.20423886  0.31082353  0.76469409  1
  Dy  Dy2  1  0.70482796  0.40849464  0.55862260  1
  Dy  Dy3  1  0.70536244  0.02658584  0.03425584  1
  Lu  Lu4  1  0.70449789  0.89603842  0.54480754  1
  Dy  Dy5  1  0.70442710  0.51555840  0.02640102  1
  Dy  Dy6  1  0.20508978  0.82589744  0.77271866  1
  Lu  Lu7  1  0.20488991  0.44000497  0.25743042  1
"
"Full Formula (Er13 Co3)
Reduced Formula: Er13Co3
abc   :   6.119345   8.051768  10.099203
angles:  62.030827  82.996510  79.682665
pbc   :       True       True       True
Sites (16)
  #  SP            a         b          c  forces
---  ----  ---------  --------  ---------  ---------------------------------------------------------------------
  0  Er     0.259456  0.090171   0.650626  [0.013630151748657227, 0.0003319978713989258, -0.008222565054893494]
  1  Er     0.619594  0.731138   0.372087  [-0.006479665637016296, 0.0022809915244579315, -0.011639654636383057]
  2  Co     0.675588  0.446189  -0.068067  [-0.008846111595630646, -0.002420291304588318, 0.002706587314605713]
  3  Er     0.379009  0.649316   0.723158  [0.003283083438873291, -0.002190306782722473, -0.0018083453178405762]
  4  Er     0.930983  0.440408   0.704473  [-0.0031173676252365112, -0.00243474543094635, 0.004622958600521088]
  5  Er     0.727607  0.279431   0.464841  [0.01078808307647705, 0.006102152168750763, -0.004803113639354706]
  6  Er     0.501073  0.676366   0.053101  [-0.01632239669561386, 0.0046590715646743774, -0.011686742305755615]
  7  Er     0.061256  0.932498   0.401365  [-0.00669918954372406, -0.0005810335278511047, -0.002427205443382263]
  8  Er     0.187463  0.517859   0.355702  [-0.0006653517484664917, 0.002000093460083008, 0.0024671703577041626]
  9  Er     0.031544  0.420831   1.06276   [-0.011067792773246765, 0.0022964924573898315, 7.809698581695557e-05]
 10  Er     0.540467  0.19284    0.21499   [-0.006416290998458862, -0.0010727643966674805, 0.009834314696490765]
 11  Co     0.386337  0.415327   0.60404   [0.0007288120687007904, -0.005993470549583435, 0.00526176393032074]
 12  Er    -0.025687  0.953605   1.04387   [-0.01180807501077652, 0.003311365842819214, -0.0031632110476493835]
 13  Er     0.808307  0.846737   0.754763  [0.008842870593070984, 0.0007492899894714355, 0.007638975977897644]
 14  Co     0.598292  0.954749   0.506016  [0.045318763703107834, -0.005261565558612347, 0.0033840315882116556]
 15  Er     0.477241  0.183171   0.889325  [-0.011169463396072388, -0.0017771720886230469, 0.00775696337223053]","Er13Co3","('Co', 'Er')","0.0","1.0","# generated using pymatgen
data_Er13Co3
_symmetry_space_group_name_H-M   'P 1'
_cell_length_a   6.11934525
_cell_length_b   8.05176798
_cell_length_c   10.09920280
_cell_angle_alpha   62.03082682
_cell_angle_beta   82.99650961
_cell_angle_gamma   79.68266512
_symmetry_Int_Tables_number   1
_chemical_formula_structural   Er13Co3
_chemical_formula_sum   'Er13 Co3'
_cell_volume   431.96506269
_cell_formula_units_Z   1
loop_
 _symmetry_equiv_pos_site_id
 _symmetry_equiv_pos_as_xyz
  1  'x, y, z'
loop_
 _atom_site_type_symbol
 _atom_site_label
 _atom_site_symmetry_multiplicity
 _atom_site_fract_x
 _atom_site_fract_y
 _atom_site_fract_z
 _atom_site_occupancy
  Er  Er0  1  0.25945642  0.09017134  0.65062574  1
  Er  Er1  1  0.61959364  0.73113840  0.37208667  1
  Co  Co2  1  0.67558799  0.44618922  -0.06806713  1
  Er  Er3  1  0.37900896  0.64931556  0.72315772  1
  Er  Er4  1  0.93098332  0.44040827  0.70447299  1
  Er  Er5  1  0.72760747  0.27943098  0.46484063  1
  Er  Er6  1  0.50107321  0.67636603  0.05310102  1
  Er  Er7  1  0.06125632  0.93249805  0.40136467  1
  Er  Er8  1  0.18746317  0.51785924  0.35570186  1
  Er  Er9  1  0.03154426  0.42083124  1.06276016  1
  Er  Er10  1  0.54046683  0.19283952  0.21499009  1
  Co  Co11  1  0.38633744  0.41532721  0.60404000  1
  Er  Er12  1  -0.02568704  0.95360499  1.04387153  1
  Er  Er13  1  0.80830733  0.84673727  0.75476294  1
  Co  Co14  1  0.59829204  0.95474864  0.50601582  1
  Er  Er15  1  0.47724075  0.18317077  0.88932546  1
"
"Full Formula (Ce4 Si6)
Reduced Formula: Ce2Si3
abc   :   4.190189   7.856452   6.810639
angles:  90.009049  90.000086  90.000075
pbc   :       True       True       True
Sites (10)
  #  SP           a         b         c  forces
---  ----  --------  --------  --------  -----------------------------------------------------------------------
  0  Si    0.457007  0.224541  0.215777  [0.0007065528770908713, -0.012713714502751827, -0.03855974227190018]
  1  Ce    0.957044  0.458172  1.03266   [4.826858639717102e-05, -0.002629847964271903, -0.0037632398307323456]
  2  Si    0.457063  0.957282  0.380625  [-6.356555968523026e-05, 0.0016210160683840513, 0.009133398532867432]
  3  Si    0.457045  0.193051  0.871829  [-0.00012844789307564497, -0.003398001194000244, -0.0340396910905838]
  4  Ce    0.957085  0.705715  0.537191  [-0.0006658807396888733, 0.015004009008407593, 0.036691658198833466]
  5  Si    0.457087  0.693236  0.20893   [-0.00037291471380740404, -0.0077265966683626175, 0.031222086399793625]
  6  Si    0.457054  0.724213  0.864969  [0.0003799560363404453, -0.005600240081548691, 0.03283402696251869]
  7  Ce    0.957037  0.205854  0.543287  [-0.0003192909061908722, 0.011172633618116379, -0.029439643025398254]
  8  Ce    0.957054  0.958161  0.047993  [-1.043081283569336e-07, -0.003036801004782319, 0.0026863738894462585]
  9  Si    0.457028  0.457007  0.699963  [0.00041540106758475304, 0.00730749499052763, -0.006765305995941162]","Ce2Si3","('Ce', 'Si')","0.03800154918581221","2.0","# generated using pymatgen
data_Ce2Si3
_symmetry_space_group_name_H-M   'P 1'
_cell_length_a   4.19018948
_cell_length_b   7.85645161
_cell_length_c   6.81063935
_cell_angle_alpha   90.00904896
_cell_angle_beta   90.00008631
_cell_angle_gamma   90.00007532
_symmetry_Int_Tables_number   1
_chemical_formula_structural   Ce2Si3
_chemical_formula_sum   'Ce4 Si6'
_cell_volume   224.20638667
_cell_formula_units_Z   2
loop_
 _symmetry_equiv_pos_site_id
 _symmetry_equiv_pos_as_xyz
  1  'x, y, z'
loop_
 _atom_site_type_symbol
 _atom_site_label
 _atom_site_symmetry_multiplicity
 _atom_site_fract_x
 _atom_site_fract_y
 _atom_site_fract_z
 _atom_site_occupancy
  Si  Si0  1  0.45700731  0.22454125  0.21577740  1
  Ce  Ce1  1  0.95704415  0.45817226  1.03265654  1
  Si  Si2  1  0.45706256  0.95728232  0.38062473  1
  Si  Si3  1  0.45704524  0.19305124  0.87182914  1
  Ce  Ce4  1  0.95708546  0.70571492  0.53719125  1
  Si  Si5  1  0.45708741  0.69323622  0.20893018  1
  Si  Si6  1  0.45705438  0.72421313  0.86496916  1
  Ce  Ce7  1  0.95703663  0.20585355  0.54328745  1
  Ce  Ce8  1  0.95705391  0.95816108  0.04799286  1
  Si  Si9  1  0.45702796  0.45700656  0.69996278  1
"
"Full Formula (Pr2 Ni3 Sn4 Pd1)
Reduced Formula: Pr2Ni3Sn4Pd
abc   :   4.423712   5.928076  12.542983
angles: 134.972731 110.718895  67.614770
pbc   :       True       True       True
Sites (10)
  #  SP            a          b         c  forces
---  ----  ---------  ---------  --------  -----------------------------------------------------------------------
  0  Sn     1.05765    0.595044  0.28805   [0.006991643458604813, 0.0067995041608810425, 0.010563135147094727]
  1  Sn     0.0481     0.599022  0.791566  [0.019090767949819565, 0.009469717741012573, 0.009776681661605835]
  2  Pr     0.694355   0.903318  0.581565  [0.007707828655838966, 0.0059251561760902405, 0.010501008480787277]
  3  Pd     0.424722   0.600896  0.671073  [0.029218163341283798, -0.02272169291973114, -0.02909351885318756]
  4  Ni    -0.027801   0.227077  0.999668  [-0.04554194211959839, 0.029055990278720856, 0.03321868181228638]
  5  Sn     0.336774   0.197761  0.372344  [0.006936382502317429, -0.01509033888578415, -0.01715792343020439]
  6  Pr     0.700036  -0.093626  0.085176  [-0.0022014081478118896, -0.0022095181047916412, -0.004436383955180645]
  7  Ni     0.452878   0.576958  0.174007  [0.010113455355167389, -0.014345984905958176, -0.017471425235271454]
  8  Ni     0.946445   0.222685  0.495364  [0.005437107756733894, 0.003548402339220047, 0.007311870343983173]
  9  Sn     0.356552   0.241769  0.892598  [-0.03775203973054886, -0.00043126940727233887, -0.0032121986150741577]","Pr2Ni3Sn4Pd","('Ni', 'Pd', 'Pr', 'Sn')","0.0","2.0","# generated using pymatgen
data_Pr2Ni3Sn4Pd
_symmetry_space_group_name_H-M   'P 1'
_cell_length_a   4.42371230
_cell_length_b   5.92807562
_cell_length_c   12.54298251
_cell_angle_alpha   134.97273141
_cell_angle_beta   110.71889476
_cell_angle_gamma   67.61477041
_symmetry_Int_Tables_number   1
_chemical_formula_structural   Pr2Ni3Sn4Pd
_chemical_formula_sum   'Pr2 Ni3 Sn4 Pd1'
_cell_volume   213.35501612
_cell_formula_units_Z   1
loop_
 _symmetry_equiv_pos_site_id
 _symmetry_equiv_pos_as_xyz
  1  'x, y, z'
loop_
 _atom_site_type_symbol
 _atom_site_label
 _atom_site_symmetry_multiplicity
 _atom_site_fract_x
 _atom_site_fract_y
 _atom_site_fract_z
 _atom_site_occupancy
  Sn  Sn0  1  1.05764740  0.59504419  0.28805027  1
  Sn  Sn1  1  0.04810039  0.59902162  0.79156584  1
  Pr  Pr2  1  0.69435504  0.90331758  0.58156473  1
  Pd  Pd3  1  0.42472247  0.60089611  0.67107335  1
  Ni  Ni4  1  -0.02780089  0.22707677  0.99966803  1
  Sn  Sn5  1  0.33677364  0.19776098  0.37234425  1
  Pr  Pr6  1  0.70003647  -0.09362596  0.08517555  1
  Ni  Ni7  1  0.45287796  0.57695821  0.17400687  1
  Ni  Ni8  1  0.94644490  0.22268505  0.49536390  1
  Sn  Sn9  1  0.35655200  0.24176868  0.89259775  1
"
"Full Formula (Li1 Pb3)
Reduced Formula: LiPb3
abc   :   3.623751   5.141461   9.976662
angles:  90.067314 111.147727 134.970512
pbc   :       True       True       True
Sites (4)
  #  SP            a         b         c  forces
---  ----  ---------  --------  --------  --------------------------------------------------------------------
  0  Pb     0.266723  0.834964  0.525791  [0.002602974884212017, 0.005536017473787069, 0.015859510749578476]
  1  Pb     0.416076  0.412005  0.099096  [0.011164331808686256, 0.002111726440489292, 0.016041168943047523]
  2  Li     0.79399   0.101881  0.310225  [0.06352157145738602, 0.03074631094932556, -0.02860266901552677]
  3  Pb    -0.065936  0.665609  0.818848  [-0.07728888094425201, -0.03839405998587608, -0.0032980148680508137]","LiPb3","('Li', 'Pb')","0.0","3.0","# generated using pymatgen
data_LiPb3
_symmetry_space_group_name_H-M   'P 1'
_cell_length_a   3.62375067
_cell_length_b   5.14146063
_cell_length_c   9.97666213
_cell_angle_alpha   90.06731412
_cell_angle_beta   111.14772737
_cell_angle_gamma   134.97051154
_symmetry_Int_Tables_number   1
_chemical_formula_structural   LiPb3
_chemical_formula_sum   'Li1 Pb3'
_cell_volume   113.02849606
_cell_formula_units_Z   1
loop_
 _symmetry_equiv_pos_site_id
 _symmetry_equiv_pos_as_xyz
  1  'x, y, z'
loop_
 _atom_site_type_symbol
 _atom_site_label
 _atom_site_symmetry_multiplicity
 _atom_site_fract_x
 _atom_site_fract_y
 _atom_site_fract_z
 _atom_site_occupancy
  Pb  Pb0  1  0.26672277  0.83496429  0.52579131  1
  Pb  Pb1  1  0.41607573  0.41200476  0.09909590  1
  Li  Li2  1  0.79399024  0.10188118  0.31022530  1
  Pb  Pb3  1  -0.06593617  0.66560876  0.81884764  1
"
"Full Formula (Yb1 Au3)
Reduced Formula: YbAu3
abc   :   4.207651   4.406737   5.275166
angles: 114.689165 113.550236  89.999900
pbc   :       True       True       True
Sites (4)
  #  SP           a         b         c  forces
---  ----  --------  --------  --------  ----------------------------------------------------------------------
  0  Au    0.853294  1.00093   0.10621   [-0.0035063251852989197, -0.0038558747619390488, 0.004981166683137417]
  1  Au    0.595459  0.247143  0.593443  [0.02798222005367279, -0.009244146756827831, 0.02400127798318863]
  2  Au    1.11003   0.760037  0.619253  [-0.01221463643014431, -0.03165533393621445, -0.011111989617347717]
  3  Yb    0.353313  0.500252  0.106324  [-0.01226126216351986, 0.044755350798368454, -0.0178704634308815]","YbAu3","('Au', 'Yb')","0.0","3.0","# generated using pymatgen
data_YbAu3
_symmetry_space_group_name_H-M   'P 1'
_cell_length_a   4.20765052
_cell_length_b   4.40673714
_cell_length_c   5.27516557
_cell_angle_alpha   114.68916543
_cell_angle_beta   113.55023551
_cell_angle_gamma   89.99989976
_symmetry_Int_Tables_number   1
_chemical_formula_structural   YbAu3
_chemical_formula_sum   'Yb1 Au3'
_cell_volume   79.81669023
_cell_formula_units_Z   1
loop_
 _symmetry_equiv_pos_site_id
 _symmetry_equiv_pos_as_xyz
  1  'x, y, z'
loop_
 _atom_site_type_symbol
 _atom_site_label
 _atom_site_symmetry_multiplicity
 _atom_site_fract_x
 _atom_site_fract_y
 _atom_site_fract_z
 _atom_site_occupancy
  Au  Au0  1  0.85329426  1.00093345  0.10620960  1
  Au  Au1  1  0.59545860  0.24714282  0.59344297  1
  Au  Au2  1  1.11003018  0.76003724  0.61925344  1
  Yb  Yb3  1  0.35331326  0.50025209  0.10632367  1
"
"Full Formula (Nd1 Gd1 Eu1 Lu1)
Reduced Formula: NdEuGdLu
abc   :   5.131208   6.298923   6.300303
angles:  48.016249  65.929285  65.954414
pbc   :       True       True       True
Sites (4)
  #  SP           a         b         c  forces
---  ----  --------  --------  --------  ---------------------------------------------------------------------
  0  Gd    0.895987  0.310361  0.274004  [0.001853517722338438, -0.003299521515145898, -0.013887177221477032]
  1  Nd    0.14803   0.557713  0.521214  [-0.0011987807229161263, 0.013866041786968708, 0.01632373221218586]
  2  Lu    0.646765  0.06233   0.024189  [-0.0019487375393509865, -0.02068285644054413, -0.027977826073765755]
  3  Eu    0.3971    0.808029  0.77013   [0.0012940093874931335, 0.010116334073245525, 0.0255412720143795]","NdEuGdLu","('Eu', 'Gd', 'Lu', 'Nd')","0.0","3.0","# generated using pymatgen
data_NdEuGdLu
_symmetry_space_group_name_H-M   'P 1'
_cell_length_a   5.13120837
_cell_length_b   6.29892284
_cell_length_c   6.30030335
_cell_angle_alpha   48.01624880
_cell_angle_beta   65.92928472
_cell_angle_gamma   65.95441401
_symmetry_Int_Tables_number   1
_chemical_formula_structural   NdEuGdLu
_chemical_formula_sum   'Nd1 Gd1 Eu1 Lu1'
_cell_volume   135.45810631
_cell_formula_units_Z   1
loop_
 _symmetry_equiv_pos_site_id
 _symmetry_equiv_pos_as_xyz
  1  'x, y, z'
loop_
 _atom_site_type_symbol
 _atom_site_label
 _atom_site_symmetry_multiplicity
 _atom_site_fract_x
 _atom_site_fract_y
 _atom_site_fract_z
 _atom_site_occupancy
  Gd  Gd0  1  0.89598722  0.31036102  0.27400357  1
  Nd  Nd1  1  0.14803004  0.55771335  0.52121431  1
  Lu  Lu2  1  0.64676493  0.06233003  0.02418885  1
  Eu  Eu3  1  0.39710047  0.80802923  0.77012952  1
"
"Full Formula (Ti3 Pt5)
Reduced Formula: Ti3Pt5
abc   :   4.577027   5.615155   5.645776
angles: 120.171009  89.965305  90.017835
pbc   :       True       True       True
Sites (8)
  #  SP           a         b         c  forces
---  ----  --------  --------  --------  ----------------------------------------------------------------------
  0  Ti    0.068391  0.852442  0.956292  [0.004269453231245279, -0.004910290241241455, 0.0010432275012135506]
  1  Pt    0.568786  0.68758   0.620938  [-0.007569928653538227, 0.017054080963134766, -0.01910136640071869]
  2  Ti    0.568605  0.214685  0.637761  [-0.0001731589436531067, -0.015779323875904083, -0.008592916652560234]
  3  Pt    0.56861   0.179382  0.119653  [-0.0017063298728317022, 0.012937989085912704, 0.012669140473008156]
  4  Pt    0.068546  0.330717  0.938859  [0.002299611922353506, -0.009276032447814941, 0.005563795566558838]
  5  Ti    0.068625  0.80841   0.434266  [0.00012149798567406833, -0.011754810810089111, 0.0008976333774626255]
  6  Pt    0.568472  0.687547  0.127668  [0.003155138110741973, 0.02834738790988922, 0.004502460360527039]
  7  Pt    0.068632  0.330962  0.451779  [-0.0003963075578212738, -0.016619041562080383, 0.003017991781234741]","Ti3Pt5","('Pt', 'Ti')","0.0","3.0","# generated using pymatgen
data_Ti3Pt5
_symmetry_space_group_name_H-M   'P 1'
_cell_length_a   4.57702658
_cell_length_b   5.61515497
_cell_length_c   5.64577580
_cell_angle_alpha   120.17100869
_cell_angle_beta   89.96530500
_cell_angle_gamma   90.01783458
_symmetry_Int_Tables_number   1
_chemical_formula_structural   Ti3Pt5
_chemical_formula_sum   'Ti3 Pt5'
_cell_volume   125.44356970
_cell_formula_units_Z   1
loop_
 _symmetry_equiv_pos_site_id
 _symmetry_equiv_pos_as_xyz
  1  'x, y, z'
loop_
 _atom_site_type_symbol
 _atom_site_label
 _atom_site_symmetry_multiplicity
 _atom_site_fract_x
 _atom_site_fract_y
 _atom_site_fract_z
 _atom_site_occupancy
  Ti  Ti0  1  0.06839132  0.85244182  0.95629223  1
  Pt  Pt1  1  0.56878576  0.68757989  0.62093755  1
  Ti  Ti2  1  0.56860500  0.21468502  0.63776078  1
  Pt  Pt3  1  0.56861039  0.17938156  0.11965314  1
  Pt  Pt4  1  0.06854571  0.33071689  0.93885874  1
  Ti  Ti5  1  0.06862512  0.80841043  0.43426606  1
  Pt  Pt6  1  0.56847222  0.68754663  0.12766772  1
  Pt  Pt7  1  0.06863177  0.33096195  0.45177939  1
"
"Full Formula (Ca1 Mn1 Pd2 O6)
Reduced Formula: CaMn(PdO3)2
abc   :   5.372418   5.755349   5.761684
angles: 124.284895 117.807485  90.034249
pbc   :       True       True       True
Sites (10)
  #  SP           a          b         c  forces
---  ----  --------  ---------  --------  ---------------------------------------------------------------------
  0  Pd    0.622838   0.628625  0.722556  [0.00820891559123993, 0.000947415828704834, -0.0066453516483306885]
  1  Pd    0.303838   0.948305  0.084309  [0.0003300309181213379, -0.003337293863296509, -0.004109621047973633]
  2  O     0.26571    0.774799  0.646446  [0.00017976760864257812, -0.0316791832447052, -0.012761294841766357]
  3  O     0.902865  -0.014231  0.85616   [0.006811320781707764, 0.03205198049545288, 0.05016219615936279]
  4  Ca    0.830821   0.423008  0.135808  [-0.03765222430229187, -0.008083827793598175, -0.007964901626110077]
  5  Mn    0.10064    0.15028   0.67804   [0.0027884691953659058, 0.004399314522743225, -0.006368428468704224]
  6  O     1.01858    0.544813  0.886516  [0.004258319735527039, 0.022016972303390503, 0.015499144792556763]
  7  O     0.478875   0.349497  0.221377  [0.010690286755561829, -0.021459035575389862, -0.018055856227874756]
  8  O     0.706225   0.859193  0.201154  [-0.009556978940963745, 0.0014901310205459595, 0.00855204463005066]
  9  O     0.391592   0.232415  0.574708  [0.013941951096057892, 0.003653302788734436, -0.018307805061340332]","CaMn(PdO3)2","('Ca', 'Mn', 'O', 'Pd')","0.14369983162240724","4.0","# generated using pymatgen
data_CaMn(PdO3)2
_symmetry_space_group_name_H-M   'P 1'
_cell_length_a   5.37241832
_cell_length_b   5.75534867
_cell_length_c   5.76168440
_cell_angle_alpha   124.28489467
_cell_angle_beta   117.80748521
_cell_angle_gamma   90.03424868
_symmetry_Int_Tables_number   1
_chemical_formula_structural   CaMn(PdO3)2
_chemical_formula_sum   'Ca1 Mn1 Pd2 O6'
_cell_volume   121.45021665
_cell_formula_units_Z   1
loop_
 _symmetry_equiv_pos_site_id
 _symmetry_equiv_pos_as_xyz
  1  'x, y, z'
loop_
 _atom_site_type_symbol
 _atom_site_label
 _atom_site_symmetry_multiplicity
 _atom_site_fract_x
 _atom_site_fract_y
 _atom_site_fract_z
 _atom_site_occupancy
  Pd  Pd0  1  0.62283751  0.62862539  0.72255634  1
  Pd  Pd1  1  0.30383835  0.94830478  0.08430929  1
  O  O2  1  0.26571037  0.77479945  0.64644561  1
  O  O3  1  0.90286550  -0.01423086  0.85615955  1
  Ca  Ca4  1  0.83082102  0.42300752  0.13580831  1
  Mn  Mn5  1  0.10064046  0.15027952  0.67803997  1
  O  O6  1  1.01858015  0.54481281  0.88651578  1
  O  O7  1  0.47887474  0.34949658  0.22137742  1
  O  O8  1  0.70622456  0.85919282  0.20115436  1
  O  O9  1  0.39159192  0.23241546  0.57470766  1
"
"Full Formula (Y5 Pd1 Rh4)
Reduced Formula: Y5PdRh4
abc   :   4.720840   3.553700  17.332030
angles:  95.350726 132.934014  89.994201
pbc   :       True       True       True
Sites (10)
  #  SP            a          b         c  forces
---  ----  ---------  ---------  --------  ----------------------------------------------------------------------
  0  Y      0.367452  -0.002256  0.274394  [-0.018293458968400955, 0.00878126546740532, -0.009803298860788345]
  1  Y      0.368578   0.273229  0.874439  [-0.016499299556016922, 0.006870947778224945, -0.0038867928087711334]
  2  Rh     0.958654   0.518217  0.311007  [-0.01134203840047121, 0.009475141763687134, -0.0018308945000171661]
  3  Y      0.390859   0.10255   0.487527  [0.02757749706506729, -0.0022239256650209427, 0.013614408671855927]
  4  Rh    -0.119284   0.776326  0.878241  [-0.026073770597577095, 0.0038298051804304123, -0.006905421614646912]
  5  Rh     0.864116   0.691614  0.679759  [0.06198221817612648, -0.00878570694476366, 0.029248276725411415]
  6  Y      0.395242   0.372026  0.082938  [-0.03467808663845062, -0.004773407243192196, -0.02140386775135994]
  7  Y      0.382095   0.194922  0.684787  [0.033230945467948914, -0.009740404784679413, 0.013142465613782406]
  8  Pd     0.877143   0.600321  0.482066  [0.031019119545817375, -0.003130542114377022, 0.017659716308116913]
  9  Rh     0.818815   0.853599  0.051768  [-0.046923160552978516, -0.0003031529486179352, -0.029834676533937454]","Y5PdRh4","('Pd', 'Rh', 'Y')","0.0022969418386425172","6.0","# generated using pymatgen
data_Y5PdRh4
_symmetry_space_group_name_H-M   'P 1'
_cell_length_a   4.72084042
_cell_length_b   3.55369955
_cell_length_c   17.33203030
_cell_angle_alpha   95.35072629
_cell_angle_beta   132.93401420
_cell_angle_gamma   89.99420146
_symmetry_Int_Tables_number   1
_chemical_formula_structural   Y5PdRh4
_chemical_formula_sum   'Y5 Pd1 Rh4'
_cell_volume   211.15259817
_cell_formula_units_Z   1
loop_
 _symmetry_equiv_pos_site_id
 _symmetry_equiv_pos_as_xyz
  1  'x, y, z'
loop_
 _atom_site_type_symbol
 _atom_site_label
 _atom_site_symmetry_multiplicity
 _atom_site_fract_x
 _atom_site_fract_y
 _atom_site_fract_z
 _atom_site_occupancy
  Y  Y0  1  0.36745234  -0.00225564  0.27439383  1
  Y  Y1  1  0.36857755  0.27322851  0.87443882  1
  Rh  Rh2  1  0.95865424  0.51821746  0.31100737  1
  Y  Y3  1  0.39085892  0.10254988  0.48752739  1
  Rh  Rh4  1  -0.11928413  0.77632648  0.87824056  1
  Rh  Rh5  1  0.86411602  0.69161364  0.67975892  1
  Y  Y6  1  0.39524173  0.37202587  0.08293765  1
  Y  Y7  1  0.38209519  0.19492176  0.68478698  1
  Pd  Pd8  1  0.87714297  0.60032143  0.48206618  1
  Rh  Rh9  1  0.81881510  0.85359942  0.05176764  1
"
"Full Formula (Dy4 Co8)
Reduced Formula: DyCo2
abc   :   3.959089   5.353236  10.542775
angles:  90.707184  79.192308 111.710803
pbc   :       True       True       True
Sites (12)
  #  SP            a         b         c  forces
---  ----  ---------  --------  --------  ---------------------------------------------------------------------
  0  Co     0.056124  0.736331  0.551613  [0.009490365162491798, 0.016011778265237808, -0.00160178542137146]
  1  Dy     0.095511  0.227562  0.969462  [-0.01995854824781418, -0.029942139983177185, 0.008450359106063843]
  2  Co     0.401681  0.78172   0.907801  [-0.0017348707187920809, -0.03548157215118408, -0.012801110744476318]
  3  Co     0.787115  0.658173  0.014014  [0.0007820278406143188, -0.030621487647294998, -0.016092270612716675]
  4  Dy     0.693625  0.147061  0.689967  [-0.005071569234132767, -0.005500316619873047, 0.0037085041403770447]
  5  Co     0.42518   0.600656  0.678176  [0.006236717104911804, -0.002866595983505249, -0.0060754320584237576]
  6  Co    -0.083843  0.692451  0.788624  [0.005577152129262686, -0.01309240609407425, -0.012506354600191116]
  7  Dy     0.405047  0.314043  0.433394  [0.0011885520070791245, 0.02387908846139908, 0.009586140513420105]
  8  Co     0.678129  0.875371  0.44676   [0.006976891774684191, 0.022144410759210587, 0.003851175308227539]
  9  Co     0.916731  0.15697   0.254628  [-0.0027294661849737167, 0.02644573524594307, 0.0159783773124218]
 10  Co     0.544775  0.326525  0.168942  [-0.008553201332688332, 0.011320438235998154, 0.010915788821876049]
 11  Dy     0.231447  0.75175   0.218602  [0.007795993238687515, 0.017702944576740265, -0.0034135468304157257]","DyCo2","('Co', 'Dy')","0.004028862773920545","7.0","# generated using pymatgen
data_DyCo2
_symmetry_space_group_name_H-M   'P 1'
_cell_length_a   3.95908893
_cell_length_b   5.35323553
_cell_length_c   10.54277453
_cell_angle_alpha   90.70718443
_cell_angle_beta   79.19230764
_cell_angle_gamma   111.71080309
_symmetry_Int_Tables_number   1
_chemical_formula_structural   DyCo2
_chemical_formula_sum   'Dy4 Co8'
_cell_volume   203.51176039
_cell_formula_units_Z   4
loop_
 _symmetry_equiv_pos_site_id
 _symmetry_equiv_pos_as_xyz
  1  'x, y, z'
loop_
 _atom_site_type_symbol
 _atom_site_label
 _atom_site_symmetry_multiplicity
 _atom_site_fract_x
 _atom_site_fract_y
 _atom_site_fract_z
 _atom_site_occupancy
  Co  Co0  1  0.05612372  0.73633068  0.55161333  1
  Dy  Dy1  1  0.09551119  0.22756161  0.96946178  1
  Co  Co2  1  0.40168058  0.78172021  0.90780125  1
  Co  Co3  1  0.78711501  0.65817310  0.01401352  1
  Dy  Dy4  1  0.69362527  0.14706100  0.68996700  1
  Co  Co5  1  0.42518004  0.60065596  0.67817612  1
  Co  Co6  1  -0.08384323  0.69245068  0.78862439  1
  Dy  Dy7  1  0.40504664  0.31404285  0.43339374  1
  Co  Co8  1  0.67812884  0.87537078  0.44676018  1
  Co  Co9  1  0.91673058  0.15697004  0.25462759  1
  Co  Co10  1  0.54477529  0.32652539  0.16894230  1
  Dy  Dy11  1  0.23144730  0.75174979  0.21860164  1
"
"Full Formula (Tm8 Rh7)
Reduced Formula: Tm8Rh7
abc   :   6.758113   6.758361   7.561704
angles: 116.513141  89.949535  90.055925
pbc   :       True       True       True
Sites (15)
  #  SP           a         b         c  forces
---  ----  --------  --------  --------  -----------------------------------------------------------------------
  0  Tm    0.065157  1.02115   0.926529  [0.0048897042870521545, -0.01546923816204071, 0.006370186805725098]
  1  Tm    0.566447  0.775987  0.425739  [-0.007870815694332123, -0.04433075338602066, 0.03486792743206024]
  2  Rh    0.315049  0.150436  0.689924  [0.003948565106838942, 0.0019499808549880981, 0.003308430314064026]
  3  Tm    0.565871  1.01416   0.925968  [-0.0007083788514137268, 0.02560127153992653, -0.009533107280731201]
  4  Rh    0.816225  0.145314  0.679096  [-0.0030207603704184294, 0.006080206483602524, 0.00899273157119751]
  5  Tm    0.563826  0.274988  0.42759   [0.008190169930458069, -0.05365954339504242, 0.027539830654859543]
  6  Rh    0.315895  0.392828  0.174867  [-0.00039137431303970516, 0.017183363437652588, 0.008688640780746937]
  7  Tm    0.065256  0.523048  0.926757  [0.003985859453678131, -0.015668675303459167, 0.0003424212336540222]
  8  Tm    0.565376  0.515092  0.925284  [0.0004516094923019409, 0.034286051988601685, -0.01537945307791233]
  9  Tm    0.068071  0.765635  0.427223  [-0.013522960245609283, 0.0359221026301384, -0.0283346027135849]
 10  Rh    0.815817  0.64233   0.671986  [-0.0007350803352892399, -0.0010763183236122131, 0.0031680576503276825]
 11  Rh    0.315874  0.89423   0.175619  [-0.0011197708081454039, -0.003619214752689004, 0.0059469337575137615]
 12  Tm    1.0655    0.264054  0.426846  [0.0044838786125183105, 0.029391691088676453, -0.017926853150129318]
 13  Rh    0.815426  0.395075  0.17762   [0.0010212730849161744, -0.008415964432060719, -0.005072440952062607]
 14  Rh    0.315648  0.63901   0.66536   [0.0003980217734351754, -0.008175112307071686, -0.022978633642196655]","Tm8Rh7","('Rh', 'Tm')","0.0","7.0","# generated using pymatgen
data_Tm8Rh7
_symmetry_space_group_name_H-M   'P 1'
_cell_length_a   6.75811316
_cell_length_b   6.75836127
_cell_length_c   7.56170362
_cell_angle_alpha   116.51314143
_cell_angle_beta   89.94953539
_cell_angle_gamma   90.05592501
_symmetry_Int_Tables_number   1
_chemical_formula_structural   Tm8Rh7
_chemical_formula_sum   'Tm8 Rh7'
_cell_volume   309.04929580
_cell_formula_units_Z   1
loop_
 _symmetry_equiv_pos_site_id
 _symmetry_equiv_pos_as_xyz
  1  'x, y, z'
loop_
 _atom_site_type_symbol
 _atom_site_label
 _atom_site_symmetry_multiplicity
 _atom_site_fract_x
 _atom_site_fract_y
 _atom_site_fract_z
 _atom_site_occupancy
  Tm  Tm0  1  0.06515737  1.02115333  0.92652899  1
  Tm  Tm1  1  0.56644700  0.77598734  0.42573867  1
  Rh  Rh2  1  0.31504918  0.15043621  0.68992391  1
  Tm  Tm3  1  0.56587090  1.01416217  0.92596771  1
  Rh  Rh4  1  0.81622450  0.14531350  0.67909582  1
  Tm  Tm5  1  0.56382568  0.27498759  0.42759010  1
  Rh  Rh6  1  0.31589450  0.39282845  0.17486668  1
  Tm  Tm7  1  0.06525611  0.52304821  0.92675733  1
  Tm  Tm8  1  0.56537627  0.51509207  0.92528350  1
  Tm  Tm9  1  0.06807063  0.76563478  0.42722261  1
  Rh  Rh10  1  0.81581692  0.64233000  0.67198623  1
  Rh  Rh11  1  0.31587441  0.89423002  0.17561931  1
  Tm  Tm12  1  1.06549523  0.26405419  0.42684607  1
  Rh  Rh13  1  0.81542572  0.39507471  0.17761977  1
  Rh  Rh14  1  0.31564820  0.63900985  0.66535953  1
"
"Full Formula (Ca2 Al10)
Reduced Formula: CaAl5
abc   :   5.664875   7.146074   6.369015
angles: 106.513782  94.368541 102.100002
pbc   :       True       True       True
Sites (12)
  #  SP            a         b         c  forces
---  ----  ---------  --------  --------  ---------------------------------------------------------------------
  0  Al     0.417676  0.378586  0.683964  [-0.011459244415163994, -0.016374506056308746, -0.006894228979945183]
  1  Al     0.281506  0.087964  0.235803  [0.031273066997528076, 0.026495300233364105, 0.0008015185594558716]
  2  Al     0.109464  0.266967  0.953184  [-0.001300673931837082, -0.019028685986995697, 0.01906312070786953]
  3  Al     0.665356  0.622778  0.467463  [-0.0008008852601051331, 0.006594151258468628, -0.009650953114032745]
  4  Al     0.960209  0.72686   0.190628  [0.02965763956308365, 0.037795379757881165, -0.027869459241628647]
  5  Al     0.140676  0.469825  0.370733  [-0.01022144965827465, 0.010690398514270782, -0.012463293969631195]
  6  Al    -0.045902  0.532214  0.773393  [-0.030129974707961082, -0.023525092750787735, 0.028488367795944214]
  7  Al     0.795392  0.906385  0.906867  [-0.020728908479213715, -0.011704891920089722, -0.004171915352344513]
  8  Al     0.649125  0.303124  0.050556  [0.018015140667557716, 0.015988051891326904, -0.02249404788017273]
  9  Ca     0.281666  0.899068  0.677371  [-0.010402829386293888, -0.014067734591662884, 0.029812458902597427]
 10  Al     0.424969  0.697732  0.098344  [-0.0007325764745473862, -0.012107133865356445, 0.002999216318130493]
 11  Ca     0.799553  0.10421   0.461953  [0.006830595433712006, -0.0007552057504653931, 0.002379283308982849]","CaAl5","('Al', 'Ca')","0.32445514730259656","8.0","# generated using pymatgen
data_CaAl5
_symmetry_space_group_name_H-M   'P 1'
_cell_length_a   5.66487473
_cell_length_b   7.14607432
_cell_length_c   6.36901501
_cell_angle_alpha   106.51378187
_cell_angle_beta   94.36854130
_cell_angle_gamma   102.10000241
_symmetry_Int_Tables_number   1
_chemical_formula_structural   CaAl5
_chemical_formula_sum   'Ca2 Al10'
_cell_volume   239.15339066
_cell_formula_units_Z   2
loop_
 _symmetry_equiv_pos_site_id
 _symmetry_equiv_pos_as_xyz
  1  'x, y, z'
loop_
 _atom_site_type_symbol
 _atom_site_label
 _atom_site_symmetry_multiplicity
 _atom_site_fract_x
 _atom_site_fract_y
 _atom_site_fract_z
 _atom_site_occupancy
  Al  Al0  1  0.41767636  0.37858646  0.68396380  1
  Al  Al1  1  0.28150597  0.08796387  0.23580309  1
  Al  Al2  1  0.10946441  0.26696710  0.95318425  1
  Al  Al3  1  0.66535577  0.62277800  0.46746281  1
  Al  Al4  1  0.96020941  0.72686009  0.19062818  1
  Al  Al5  1  0.14067598  0.46982519  0.37073339  1
  Al  Al6  1  -0.04590213  0.53221365  0.77339332  1
  Al  Al7  1  0.79539175  0.90638506  0.90686742  1
  Al  Al8  1  0.64912510  0.30312365  0.05055550  1
  Ca  Ca9  1  0.28166595  0.89906767  0.67737066  1
  Al  Al10  1  0.42496933  0.69773225  0.09834392  1
  Ca  Ca11  1  0.79955304  0.10420961  0.46195281  1
"
"Full Formula (Yb1 Dy2 Ho5)
Reduced Formula: YbDy2Ho5
abc   :   5.799939   7.105290   7.102469
angles: 119.914977  90.000498  90.001057
pbc   :       True       True       True
Sites (8)
  #  SP           a         b         c  forces
---  ----  --------  --------  --------  -----------------------------------------------------------------------
  0  Ho    0.433796  0.088375  0.292395  [0.0026881869416683912, -0.012164847925305367, 0.0009450484067201614]
  1  Ho    0.433843  0.581532  0.291922  [0.0019014512654393911, -0.006435576826334, 0.007125050760805607]
  2  Ho    0.933777  0.418089  0.961838  [0.0013186526484787464, 0.0019177226349711418, -0.015208124183118343]
  3  Dy    0.933829  0.916876  0.960408  [0.0006523604970425367, 0.0022381721064448357, 0.005128743126988411]
  4  Dy    0.433929  0.584456  0.794036  [-0.0007305036415345967, 0.009393930435180664, -0.00011696014553308487]
  5  Yb    0.934194  0.91797   0.461167  [-0.004495339468121529, 0.00629067700356245, -0.004055344965308905]
  6  Ho    0.933979  0.418519  0.462155  [-0.0015914211980998516, -0.0009389761835336685, -0.001721398439258337]
  7  Ho    0.433918  0.0872    0.797858  [0.00025662127882242203, -0.0003011021763086319, 0.007902991026639938]","YbDy2Ho5","('Dy', 'Ho', 'Yb')","0.0","8.0","# generated using pymatgen
data_YbDy2Ho5
_symmetry_space_group_name_H-M   'P 1'
_cell_length_a   5.79993913
_cell_length_b   7.10528995
_cell_length_c   7.10246887
_cell_angle_alpha   119.91497748
_cell_angle_beta   90.00049837
_cell_angle_gamma   90.00105696
_symmetry_Int_Tables_number   1
_chemical_formula_structural   YbDy2Ho5
_chemical_formula_sum   'Yb1 Dy2 Ho5'
_cell_volume   253.69777183
_cell_formula_units_Z   1
loop_
 _symmetry_equiv_pos_site_id
 _symmetry_equiv_pos_as_xyz
  1  'x, y, z'
loop_
 _atom_site_type_symbol
 _atom_site_label
 _atom_site_symmetry_multiplicity
 _atom_site_fract_x
 _atom_site_fract_y
 _atom_site_fract_z
 _atom_site_occupancy
  Ho  Ho0  1  0.43379584  0.08837461  0.29239463  1
  Ho  Ho1  1  0.43384290  0.58153217  0.29192233  1
  Ho  Ho2  1  0.93377737  0.41808945  0.96183831  1
  Dy  Dy3  1  0.93382919  0.91687575  0.96040777  1
  Dy  Dy4  1  0.43392949  0.58445616  0.79403580  1
  Yb  Yb5  1  0.93419400  0.91796974  0.46116703  1
  Ho  Ho6  1  0.93397940  0.41851913  0.46215513  1
  Ho  Ho7  1  0.43391811  0.08719951  0.79785773  1
"
"Full Formula (Tb12 Pt4)
Reduced Formula: Tb3Pt
abc   :   7.601742   8.615548   7.016647
angles:  95.161987  92.117218  96.194965
pbc   :       True       True       True
Sites (16)
  #  SP           a          b          c  forces
---  ----  --------  ---------  ---------  -----------------------------------------------------------------------
  0  Pt    0.654951   0.01792    0.879678  [-0.0017466768622398376, 0.0017995573580265045, -0.0003108121454715729]
  1  Tb    0.150593   0.582601   1.0241    [0.014349952340126038, 0.010178402066230774, 0.029002845287322998]
  2  Tb    0.865317  -0.068063   0.547607  [0.0006193295121192932, -0.0057334452867507935, 0.01678352802991867]
  3  Tb    0.526362   0.571757   0.366992  [0.007633604109287262, 0.004510745406150818, 0.008221343159675598]
  4  Pt    0.360162   0.487633   0.703345  [-0.0022036172449588776, 0.0017574019730091095, -0.0044945888221263885]
  5  Tb    0.807356   0.301711   0.136949  [0.004603896290063858, 0.012401670217514038, -0.041205644607543945]
  6  Tb    0.216049   0.214467   0.453282  [-0.009241551160812378, 0.0004105418920516968, 0.007335692644119263]
  7  Tb    0.354449   0.247222  -0.028984  [-0.0011215507984161377, -0.0020275115966796875, -0.01234474778175354]
  8  Tb    0.668788   0.651921   0.882276  [8.869171142578125e-05, -0.005675621330738068, 0.0023121386766433716]
  9  Pt    0.863683   0.69676    0.23269   [0.007637590169906616, -0.0015985965728759766, 0.00040294229984283447]
 10  Tb    0.490016   0.940446   0.213269  [0.0050202906131744385, 0.005152614787220955, 0.0048429518938064575]
 11  Tb    0.667828   0.261614   0.623191  [-0.008264482021331787, -0.020542383193969727, -0.05785307288169861]
 12  Tb    0.0211     0.54702    0.531169  [-0.008015841245651245, -0.0027614086866378784, 0.0353177934885025]
 13  Tb    0.33881    0.875897   0.686961  [-0.0009558647871017456, -0.004511311650276184, -0.0024167895317077637]
 14  Pt    0.012474   0.248934   0.791932  [-0.006144195795059204, 0.0055166445672512054, 0.005809803493320942]
 15  Tb    0.002306  -0.035027   1.04276   [-0.002259552478790283, 0.001122649759054184, 0.008596502244472504]","Tb3Pt","('Pt', 'Tb')","0.0","8.0","# generated using pymatgen
data_Tb3Pt
_symmetry_space_group_name_H-M   'P 1'
_cell_length_a   7.60174210
_cell_length_b   8.61554768
_cell_length_c   7.01664701
_cell_angle_alpha   95.16198694
_cell_angle_beta   92.11721830
_cell_angle_gamma   96.19496469
_symmetry_Int_Tables_number   1
_chemical_formula_structural   Tb3Pt
_chemical_formula_sum   'Tb12 Pt4'
_cell_volume   454.50070192
_cell_formula_units_Z   4
loop_
 _symmetry_equiv_pos_site_id
 _symmetry_equiv_pos_as_xyz
  1  'x, y, z'
loop_
 _atom_site_type_symbol
 _atom_site_label
 _atom_site_symmetry_multiplicity
 _atom_site_fract_x
 _atom_site_fract_y
 _atom_site_fract_z
 _atom_site_occupancy
  Pt  Pt0  1  0.65495062  0.01791990  0.87967775  1
  Tb  Tb1  1  0.15059282  0.58260111  1.02409732  1
  Tb  Tb2  1  0.86531712  -0.06806287  0.54760670  1
  Tb  Tb3  1  0.52636217  0.57175709  0.36699215  1
  Pt  Pt4  1  0.36016238  0.48763263  0.70334510  1
  Tb  Tb5  1  0.80735564  0.30171097  0.13694938  1
  Tb  Tb6  1  0.21604937  0.21446731  0.45328185  1
  Tb  Tb7  1  0.35444910  0.24722233  -0.02898370  1
  Tb  Tb8  1  0.66878789  0.65192094  0.88227553  1
  Pt  Pt9  1  0.86368255  0.69675965  0.23268969  1
  Tb  Tb10  1  0.49001639  0.94044564  0.21326884  1
  Tb  Tb11  1  0.66782835  0.26161369  0.62319093  1
  Tb  Tb12  1  0.02110016  0.54701963  0.53116921  1
  Tb  Tb13  1  0.33881022  0.87589659  0.68696093  1
  Pt  Pt14  1  0.01247358  0.24893378  0.79193190  1
  Tb  Tb15  1  0.00230619  -0.03502709  1.04275518  1
"
"Full Formula (Ho2 Al2)
Reduced Formula: HoAl
abc   :   5.897920   3.915353   4.754330
angles:  89.994413 113.736858 109.434586
pbc   :       True       True       True
Sites (4)
  #  SP           a         b         c  forces
---  ----  --------  --------  --------  --------------------------------------------------------------------
  0  Al    0.86943   0.181203  0.324796  [0.007463421672582626, 0.0075708720833063126, 0.004355737939476967]
  1  Ho    0.328402  0.411155  0.053072  [0.031255412846803665, 0.008321866393089294, 0.02612454630434513]
  2  Ho    0.787171  0.640036  0.784139  [-0.025897078216075897, -0.004960967227816582, -0.02697618678212166]
  3  Al    0.246692  0.870432  0.512573  [-0.0128217414021492, -0.010931780561804771, -0.0035041002556681633]","HoAl","('Al', 'Ho')","0.0018929360571919534","9.0","# generated using pymatgen
data_HoAl
_symmetry_space_group_name_H-M   'P 1'
_cell_length_a   5.89791984
_cell_length_b   3.91535322
_cell_length_c   4.75433030
_cell_angle_alpha   89.99441310
_cell_angle_beta   113.73685805
_cell_angle_gamma   109.43458629
_symmetry_Int_Tables_number   1
_chemical_formula_structural   HoAl
_chemical_formula_sum   'Ho2 Al2'
_cell_volume   93.62896190
_cell_formula_units_Z   2
loop_
 _symmetry_equiv_pos_site_id
 _symmetry_equiv_pos_as_xyz
  1  'x, y, z'
loop_
 _atom_site_type_symbol
 _atom_site_label
 _atom_site_symmetry_multiplicity
 _atom_site_fract_x
 _atom_site_fract_y
 _atom_site_fract_z
 _atom_site_occupancy
  Al  Al0  1  0.86943026  0.18120293  0.32479598  1
  Ho  Ho1  1  0.32840203  0.41115451  0.05307213  1
  Ho  Ho2  1  0.78717089  0.64003586  0.78413909  1
  Al  Al3  1  0.24669231  0.87043196  0.51257328  1
"
"Full Formula (Li2 In2 Au4)
Reduced Formula: LiInAu2
abc   :   4.341035   3.822065   9.329253
angles: 102.022818  92.173205  89.998622
pbc   :       True       True       True
Sites (8)
  #  SP           a          b         c  forces
---  ----  --------  ---------  --------  ----------------------------------------------------------------------
  0  Au    0.403345   0.555201  0.43009   [0.01038668118417263, 0.001823635771870613, 0.003090145066380501]
  1  In    0.364209  -0.076009  0.172768  [0.04270163178443909, -0.0003612046130001545, -0.009893365204334259]
  2  Li    0.43305    1.16587   0.644727  [-0.014649458229541779, -0.004569211509078741, -0.007506567984819412]
  3  Au    0.930074   0.662361  0.639527  [-0.011887501925230026, -0.002052663592621684, -0.0037415102124214172]
  4  Li    0.900493   1.05165   0.424846  [0.012934306636452675, 0.004432538524270058, 0.007390949875116348]
  5  Au    0.86831    0.439784  0.206338  [0.042708445340394974, 0.01437325868755579, 0.027675192803144455]
  6  Au    0.46417   -0.222379  0.863174  [-0.04113369807600975, -0.01400427334010601, -0.02709917351603508]
  7  In    0.968177   0.293467  0.896786  [-0.04106041416525841, 0.0003579258918762207, 0.010084312409162521]","LiInAu2","('Au', 'In', 'Li')","0.0","10.0","# generated using pymatgen
data_LiInAu2
_symmetry_space_group_name_H-M   'P 1'
_cell_length_a   4.34103534
_cell_length_b   3.82206458
_cell_length_c   9.32925345
_cell_angle_alpha   102.02281844
_cell_angle_beta   92.17320527
_cell_angle_gamma   89.99862217
_symmetry_Int_Tables_number   1
_chemical_formula_structural   LiInAu2
_chemical_formula_sum   'Li2 In2 Au4'
_cell_volume   151.27921316
_cell_formula_units_Z   2
loop_
 _symmetry_equiv_pos_site_id
 _symmetry_equiv_pos_as_xyz
  1  'x, y, z'
loop_
 _atom_site_type_symbol
 _atom_site_label
 _atom_site_symmetry_multiplicity
 _atom_site_fract_x
 _atom_site_fract_y
 _atom_site_fract_z
 _atom_site_occupancy
  Au  Au0  1  0.40334540  0.55520104  0.43009039  1
  In  In1  1  0.36420910  -0.07600900  0.17276801  1
  Li  Li2  1  0.43304994  1.16586959  0.64472716  1
  Au  Au3  1  0.93007367  0.66236066  0.63952737  1
  Li  Li4  1  0.90049285  1.05164712  0.42484611  1
  Au  Au5  1  0.86830995  0.43978417  0.20633816  1
  Au  Au6  1  0.46416993  -0.22237931  0.86317440  1
  In  In7  1  0.96817724  0.29346705  0.89678594  1
"
"Full Formula (Mg1 Ag2 Pd3)
Reduced Formula: MgAg2Pd3
abc   :   4.925331   5.787587   3.996122
angles:  89.997308  66.060051 106.060783
pbc   :       True       True       True
Sites (6)
  #  SP            a         b         c  forces
---  ----  ---------  --------  --------  ---------------------------------------------------------------------
  0  Ag     0.983171  0.06699   0.2064    [0.0021832436323165894, 0.003603719174861908, 0.009189222007989883]
  1  Pd     0.315281  0.895121  0.541335  [-0.02277681976556778, -0.020706506446003914, -0.022703297436237335]
  2  Pd     0.652367  0.729515  0.871811  [0.011922528967261314, 0.0024797581136226654, 0.005576882511377335]
  3  Pd     0.320701  0.406525  0.538272  [-0.016246270388364792, -0.005724215880036354, -0.014317553490400314]
  4  Mg    -0.005157  0.57649   0.200126  [0.026161499321460724, 0.016811389476060867, 0.0156071987003088]
  5  Ag     0.646689  0.231208  0.874624  [-0.0012442059814929962, 0.0035358741879463196, 0.00664753932505846]","MgAg2Pd3","('Ag', 'Mg', 'Pd')","0.0057317866579097276","10.0","# generated using pymatgen
data_MgAg2Pd3
_symmetry_space_group_name_H-M   'P 1'
_cell_length_a   4.92533083
_cell_length_b   5.78758685
_cell_length_c   3.99612216
_cell_angle_alpha   89.99730795
_cell_angle_beta   66.06005118
_cell_angle_gamma   106.06078293
_symmetry_Int_Tables_number   1
_chemical_formula_structural   MgAg2Pd3
_chemical_formula_sum   'Mg1 Ag2 Pd3'
_cell_volume   99.22784884
_cell_formula_units_Z   1
loop_
 _symmetry_equiv_pos_site_id
 _symmetry_equiv_pos_as_xyz
  1  'x, y, z'
loop_
 _atom_site_type_symbol
 _atom_site_label
 _atom_site_symmetry_multiplicity
 _atom_site_fract_x
 _atom_site_fract_y
 _atom_site_fract_z
 _atom_site_occupancy
  Ag  Ag0  1  0.98317074  0.06698981  0.20640009  1
  Pd  Pd1  1  0.31528070  0.89512082  0.54133455  1
  Pd  Pd2  1  0.65236740  0.72951490  0.87181147  1
  Pd  Pd3  1  0.32070126  0.40652546  0.53827156  1
  Mg  Mg4  1  -0.00515684  0.57648984  0.20012569  1
  Ag  Ag5  1  0.64668892  0.23120816  0.87462371  1
"
"Full Formula (Li5 Ga1)
Reduced Formula: Li5Ga
abc   :   4.584315   5.343556   5.563060
angles:  58.683036  90.579160  64.656877
pbc   :       True       True       True
Sites (6)
  #  SP           a          b         c  forces
---  ----  --------  ---------  --------  ----------------------------------------------------------------------
  0  Li    0.095563   0.454866  0.64839   [0.022443780675530434, -0.023067321628332138, 0.01802494190633297]
  1  Li    0.450573   0.77288   0.168762  [-0.022178029641509056, 0.01909015327692032, -0.015366487205028534]
  2  Li    0.768229   0.109901  0.634782  [-0.001591512467712164, -0.0027125009801238775, 0.0019096015021204948]
  3  Li    0.42763   -0.207508  0.669962  [0.006193472538143396, -0.0031123447697609663, 0.002464130287989974]
  4  Li    0.774671   0.126025  0.137595  [-0.02442087233066559, 0.002175910398364067, -0.022553810849785805]
  5  Ga    0.10696    0.449755  0.150567  [0.019553160294890404, 0.007626103237271309, 0.01552161667495966]","Li5Ga","('Ga', 'Li')","0.5978695499481547","11.0","# generated using pymatgen
data_Li5Ga
_symmetry_space_group_name_H-M   'P 1'
_cell_length_a   4.58431509
_cell_length_b   5.34355554
_cell_length_c   5.56305953
_cell_angle_alpha   58.68303561
_cell_angle_beta   90.57915954
_cell_angle_gamma   64.65687687
_symmetry_Int_Tables_number   1
_chemical_formula_structural   Li5Ga
_chemical_formula_sum   'Li5 Ga1'
_cell_volume   100.32895867
_cell_formula_units_Z   1
loop_
 _symmetry_equiv_pos_site_id
 _symmetry_equiv_pos_as_xyz
  1  'x, y, z'
loop_
 _atom_site_type_symbol
 _atom_site_label
 _atom_site_symmetry_multiplicity
 _atom_site_fract_x
 _atom_site_fract_y
 _atom_site_fract_z
 _atom_site_occupancy
  Li  Li0  1  0.09556323  0.45486629  0.64839033  1
  Li  Li1  1  0.45057330  0.77288035  0.16876200  1
  Li  Li2  1  0.76822867  0.10990136  0.63478180  1
  Li  Li3  1  0.42763011  -0.20750811  0.66996176  1
  Li  Li4  1  0.77467131  0.12602530  0.13759501  1
  Ga  Ga5  1  0.10695980  0.44975481  0.15056701  1
"
"Full Formula (La1 Eu1 Ni4)
Reduced Formula: LaEuNi4
abc   :   4.054750   5.432302   5.628199
angles: 106.820044 111.038302  89.966690
pbc   :       True       True       True
Sites (6)
  #  SP           a         b          c  forces
---  ----  --------  --------  ---------  --------------------------------------------------------------------
  0  Ni    0.324459  0.022624   0.970775  [0.012550526298582554, -0.0031123757362365723, 0.005855254828929901]
  1  Ni    0.75978   0.786816  -0.160779  [-0.0012667523697018623, 0.022813811898231506, 0.009911930188536644]
  2  Ni    0.941045  0.198128   0.205842  [0.028187647461891174, 0.012397930026054382, 0.002987578511238098]
  3  Eu    0.65309   0.211409   0.626697  [-0.006410660222172737, -0.02929951250553131, -0.02048659510910511]
  4  La    0.43717   0.604347   0.194208  [0.0010484829545021057, -0.030881192535161972, 0.01447390764951706]
  5  Ni    0.141415  0.60889    0.599835  [-0.03410927206277847, 0.02808130905032158, -0.012742087244987488]","LaEuNi4","('Eu', 'La', 'Ni')","0.014299350891884943","12.0","# generated using pymatgen
data_LaEuNi4
_symmetry_space_group_name_H-M   'P 1'
_cell_length_a   4.05475014
_cell_length_b   5.43230188
_cell_length_c   5.62819868
_cell_angle_alpha   106.82004381
_cell_angle_beta   111.03830154
_cell_angle_gamma   89.96668955
_symmetry_Int_Tables_number   1
_chemical_formula_structural   LaEuNi4
_chemical_formula_sum   'La1 Eu1 Ni4'
_cell_volume   110.01351610
_cell_formula_units_Z   1
loop_
 _symmetry_equiv_pos_site_id
 _symmetry_equiv_pos_as_xyz
  1  'x, y, z'
loop_
 _atom_site_type_symbol
 _atom_site_label
 _atom_site_symmetry_multiplicity
 _atom_site_fract_x
 _atom_site_fract_y
 _atom_site_fract_z
 _atom_site_occupancy
  Ni  Ni0  1  0.32445932  0.02262398  0.97077545  1
  Ni  Ni1  1  0.75977952  0.78681605  -0.16077864  1
  Ni  Ni2  1  0.94104510  0.19812836  0.20584203  1
  Eu  Eu3  1  0.65308951  0.21140866  0.62669744  1
  La  La4  1  0.43717011  0.60434693  0.19420803  1
  Ni  Ni5  1  0.14141501  0.60889046  0.59983481  1
"
"Full Formula (Yb1 Eu1 Ag1 Rh1)
Reduced Formula: YbEuAgRh
abc   :   5.056876   5.054692   5.060332
angles:  60.029084  60.031583  59.973521
pbc   :       True       True       True
Sites (4)
  #  SP           a         b         c  forces
---  ----  --------  --------  --------  ----------------------------------------------------------------------
  0  Rh    0.792258  0.705432  0.409479  [-0.008593745529651642, -0.008634507656097412, 0.013798341155052185]
  1  Yb    0.541058  0.453417  0.163771  [-0.0010536015033721924, -0.011340267956256866, 0.008150782436132431]
  2  Ag    0.290609  0.201064  0.917527  [0.01120179146528244, 0.01598912477493286, -0.021035917103290558]
  3  Eu    0.041369  0.952922  0.664038  [-0.0015544201014563441, 0.003985583782196045, -0.0009132444392889738]","YbEuAgRh","('Ag', 'Eu', 'Rh', 'Yb')","0.0","12.0","# generated using pymatgen
data_YbEuAgRh
_symmetry_space_group_name_H-M   'P 1'
_cell_length_a   5.05687595
_cell_length_b   5.05469217
_cell_length_c   5.06033241
_cell_angle_alpha   60.02908396
_cell_angle_beta   60.03158300
_cell_angle_gamma   59.97352082
_symmetry_Int_Tables_number   1
_chemical_formula_structural   YbEuAgRh
_chemical_formula_sum   'Yb1 Eu1 Ag1 Rh1'
_cell_volume   91.48564693
_cell_formula_units_Z   1
loop_
 _symmetry_equiv_pos_site_id
 _symmetry_equiv_pos_as_xyz
  1  'x, y, z'
loop_
 _atom_site_type_symbol
 _atom_site_label
 _atom_site_symmetry_multiplicity
 _atom_site_fract_x
 _atom_site_fract_y
 _atom_site_fract_z
 _atom_site_occupancy
  Rh  Rh0  1  0.79225815  0.70543214  0.40947868  1
  Yb  Yb1  1  0.54105816  0.45341737  0.16377097  1
  Ag  Ag2  1  0.29060864  0.20106433  0.91752675  1
  Eu  Eu3  1  0.04136915  0.95292223  0.66403752  1
"
"Full Formula (Nd1 Co2 Si1 P1)
Reduced Formula: NdCo2SiP
abc   :   3.920849   3.920246   5.620567
angles: 110.417448 110.384196  90.002755
pbc   :       True       True       True
Sites (5)
  #  SP            a          b         c  forces
---  ----  ---------  ---------  --------  -----------------------------------------------------------------------
  0  Si    -0.064662   0.248135  0.155367  [0.0259828120470047, 0.014528609812259674, -0.010203778743743896]
  1  P      0.675486  -0.012729  0.633085  [-0.012170568108558655, -0.00017033517360687256, -0.008440911769866943]
  2  Co     1.05903    0.870532  0.399335  [-0.023899637162685394, -0.004428170621395111, 0.02378840744495392]
  3  Co     0.557985   0.370819  0.399752  [0.002988174557685852, -0.00955989956855774, -0.0025654807686805725]
  4  Nd     0.30357    0.616185  0.891094  [0.00709935650229454, -0.0003702230751514435, -0.00257834792137146]","NdCo2SiP","('Co', 'Nd', 'P', 'Si')","0.056888638170887865","13.0","# generated using pymatgen
data_NdCo2SiP
_symmetry_space_group_name_H-M   'P 1'
_cell_length_a   3.92084913
_cell_length_b   3.92024602
_cell_length_c   5.62056704
_cell_angle_alpha   110.41744848
_cell_angle_beta   110.38419597
_cell_angle_gamma   90.00275464
_symmetry_Int_Tables_number   1
_chemical_formula_structural   NdCo2SiP
_chemical_formula_sum   'Nd1 Co2 Si1 P1'
_cell_volume   75.16425184
_cell_formula_units_Z   1
loop_
 _symmetry_equiv_pos_site_id
 _symmetry_equiv_pos_as_xyz
  1  'x, y, z'
loop_
 _atom_site_type_symbol
 _atom_site_label
 _atom_site_symmetry_multiplicity
 _atom_site_fract_x
 _atom_site_fract_y
 _atom_site_fract_z
 _atom_site_occupancy
  Si  Si0  1  -0.06466199  0.24813480  0.15536731  1
  P  P1  1  0.67548638  -0.01272909  0.63308462  1
  Co  Co2  1  1.05902666  0.87053243  0.39933472  1
  Co  Co3  1  0.55798505  0.37081857  0.39975234  1
  Nd  Nd4  1  0.30357031  0.61618546  0.89109444  1
"
"Full Formula (Na4 Cu1 As2)
Reduced Formula: Na4CuAs2
abc   :   4.322115   5.641031   8.472212
angles: 112.056140  59.296310 112.888689
pbc   :       True       True       True
Sites (7)
  #  SP            a          b          c  forces
---  ----  ---------  ---------  ---------  ---------------------------------------------------------------------
  0  Cu     0.607246   0.764376   0.173023  [-0.02636050246655941, -0.00939352810382843, 0.0033766785636544228]
  1  Na     0.424655   0.846754   0.888111  [0.030830956995487213, 0.03823435306549072, 0.006647203117609024]
  2  As     0.742635   0.456269  -0.125944  [0.0049034543335437775, 0.0072235725820064545, 0.01881629228591919]
  3  Na    -0.074425   0.315833   0.117642  [0.025891967117786407, -0.015389281325042248, 0.00832340121269226]
  4  Na     0.173229   0.512799   0.478955  [3.925152122974396e-05, -0.01792009174823761, -0.05226539447903633]
  5  As     0.025971  -0.109274   0.318221  [-0.014854167588055134, 0.003530401736497879, -0.0071558766067028046]
  6  Na     0.34451    0.144034   0.621242  [-0.020450931042432785, -0.006285473704338074, 0.022257637232542038]","Na4CuAs2","('As', 'Cu', 'Na')","0.1744976627972912","13.0","# generated using pymatgen
data_Na4CuAs2
_symmetry_space_group_name_H-M   'P 1'
_cell_length_a   4.32211500
_cell_length_b   5.64103050
_cell_length_c   8.47221184
_cell_angle_alpha   112.05614031
_cell_angle_beta   59.29630994
_cell_angle_gamma   112.88868869
_symmetry_Int_Tables_number   1
_chemical_formula_structural   Na4CuAs2
_chemical_formula_sum   'Na4 Cu1 As2'
_cell_volume   159.48867494
_cell_formula_units_Z   1
loop_
 _symmetry_equiv_pos_site_id
 _symmetry_equiv_pos_as_xyz
  1  'x, y, z'
loop_
 _atom_site_type_symbol
 _atom_site_label
 _atom_site_symmetry_multiplicity
 _atom_site_fract_x
 _atom_site_fract_y
 _atom_site_fract_z
 _atom_site_occupancy
  Cu  Cu0  1  0.60724640  0.76437619  0.17302324  1
  Na  Na1  1  0.42465497  0.84675438  0.88811143  1
  As  As2  1  0.74263539  0.45626909  -0.12594379  1
  Na  Na3  1  -0.07442528  0.31583302  0.11764172  1
  Na  Na4  1  0.17322923  0.51279894  0.47895531  1
  As  As5  1  0.02597091  -0.10927382  0.31822058  1
  Na  Na6  1  0.34451016  0.14403373  0.62124188  1
"
"Full Formula (Tm2 Mg1 Nb1 Co2)
Reduced Formula: Tm2MgNbCo2
abc   :   3.890830   6.109408   5.614209
angles:  75.458494  69.717979  71.419230
pbc   :       True       True       True
Sites (6)
  #  SP           a         b         c  forces
---  ----  --------  --------  --------  --------------------------------------------------------------------
  0  Co    0.495226  0.663073  0.173947  [-0.010681502521038055, 0.000251181423664093, 0.01392565667629242]
  1  Nb    0.409393  0.068854  0.938586  [0.008038021624088287, 0.00815899670124054, -0.017327651381492615]
  2  Mg    0.7848    0.903643  0.353876  [-0.010653167963027954, 0.019266262650489807, 0.015464499592781067]
  3  Tm    0.170545  0.664046  0.821165  [6.601214408874512e-06, -0.03558216989040375, 0.00519871711730957]
  4  Co    0.75895   0.293948  1.01334   [-0.0032562166452407837, -0.007394284009933472, 0.01682056486606598]
  5  Tm    0.023779  0.333356  0.445567  [0.016546256840229034, 0.015300102531909943, -0.034081608057022095]","Tm2MgNbCo2","('Co', 'Mg', 'Nb', 'Tm')","0.0015460584632911762","13.0","# generated using pymatgen
data_Tm2MgNbCo2
_symmetry_space_group_name_H-M   'P 1'
_cell_length_a   3.89082982
_cell_length_b   6.10940821
_cell_length_c   5.61420889
_cell_angle_alpha   75.45849370
_cell_angle_beta   69.71797932
_cell_angle_gamma   71.41922970
_symmetry_Int_Tables_number   1
_chemical_formula_structural   Tm2MgNbCo2
_chemical_formula_sum   'Tm2 Mg1 Nb1 Co2'
_cell_volume   117.16059478
_cell_formula_units_Z   1
loop_
 _symmetry_equiv_pos_site_id
 _symmetry_equiv_pos_as_xyz
  1  'x, y, z'
loop_
 _atom_site_type_symbol
 _atom_site_label
 _atom_site_symmetry_multiplicity
 _atom_site_fract_x
 _atom_site_fract_y
 _atom_site_fract_z
 _atom_site_occupancy
  Co  Co0  1  0.49522648  0.66307336  0.17394711  1
  Nb  Nb1  1  0.40939298  0.06885432  0.93858624  1
  Mg  Mg2  1  0.78480032  0.90364272  0.35387621  1
  Tm  Tm3  1  0.17054508  0.66404604  0.82116472  1
  Co  Co4  1  0.75894956  0.29394831  1.01333581  1
  Tm  Tm5  1  0.02377913  0.33335606  0.44556714  1
"
"Full Formula (Dy3 Mg1 Cr2 S8)
Reduced Formula: Dy3Mg(CrS4)2
abc   :   7.803251   7.591944   7.567471
angles:  59.828419  58.060683  58.180110
pbc   :       True       True       True
Sites (14)
  #  SP            a         b         c  forces
---  ----  ---------  --------  --------  ---------------------------------------------------------------------
  0  Cr     0.575156  0.032988  0.760678  [-0.016107410192489624, -0.0014470666646957397, -0.00804847665131092]
  1  Mg     0.574084  0.531439  0.262648  [-0.008366849273443222, 0.0024346336722373962, -0.010334853082895279]
  2  Dy     0.564794  0.538728  0.76413   [0.03930182009935379, -0.027989162132143974, -0.011098941788077354]
  3  S     -0.192762  0.779243  0.986147  [-0.02019496262073517, 0.014314975589513779, 0.007223665714263916]
  4  Dy     0.066295  0.037222  0.263504  [0.03344592824578285, -0.018759213387966156, -0.0038333311676979065]
  5  S      0.348949  0.27873   0.531906  [-0.021658167243003845, 0.025112241506576538, 0.001363500952720642]
  6  Dy     0.576001  0.029386  0.254359  [-0.007684438489377499, 0.019123628735542297, 0.04444485902786255]
  7  S      0.830206  0.286204  1.0003    [0.014291509985923767, -0.007599294185638428, 0.006169065833091736]
  8  S      0.312872  0.781225  0.518511  [0.008720312267541885, 0.001443585380911827, 0.019160117954015732]
  9  Cr     0.074496  0.529637  0.757402  [0.0017042262479662895, 0.014108197763562202, 0.022999556735157967]
 10  S      0.324406  0.280253  0.995122  [0.00922679528594017, 0.0004903823137283325, 0.0027135461568832397]
 11  S      0.819595  0.784821  0.526304  [0.0065193623304367065, 0.007372349500656128, -0.0016136020421981812]
 12  S      0.792832  0.27203   0.528272  [-0.02196560800075531, -0.020581824705004692, -0.029920347034931183]
 13  S      0.354679  0.799028  1.00085   [-0.017232563346624374, -0.008023727685213089, -0.039224643260240555]","Dy3Mg(CrS4)2","('Cr', 'Dy', 'Mg', 'S')","0.06907690305158806","15.0","# generated using pymatgen
data_Dy3Mg(CrS4)2
_symmetry_space_group_name_H-M   'P 1'
_cell_length_a   7.80325067
_cell_length_b   7.59194409
_cell_length_c   7.56747140
_cell_angle_alpha   59.82841893
_cell_angle_beta   58.06068278
_cell_angle_gamma   58.18011007
_symmetry_Int_Tables_number   1
_chemical_formula_structural   Dy3Mg(CrS4)2
_chemical_formula_sum   'Dy3 Mg1 Cr2 S8'
_cell_volume   307.31963545
_cell_formula_units_Z   1
loop_
 _symmetry_equiv_pos_site_id
 _symmetry_equiv_pos_as_xyz
  1  'x, y, z'
loop_
 _atom_site_type_symbol
 _atom_site_label
 _atom_site_symmetry_multiplicity
 _atom_site_fract_x
 _atom_site_fract_y
 _atom_site_fract_z
 _atom_site_occupancy
  Cr  Cr0  1  0.57515568  0.03298813  0.76067798  1
  Mg  Mg1  1  0.57408388  0.53143879  0.26264768  1
  Dy  Dy2  1  0.56479450  0.53872774  0.76413000  1
  S  S3  1  -0.19276172  0.77924298  0.98614719  1
  Dy  Dy4  1  0.06629455  0.03722151  0.26350406  1
  S  S5  1  0.34894924  0.27872996  0.53190554  1
  Dy  Dy6  1  0.57600146  0.02938577  0.25435893  1
  S  S7  1  0.83020637  0.28620350  1.00030221  1
  S  S8  1  0.31287200  0.78122550  0.51851101  1
  Cr  Cr9  1  0.07449561  0.52963710  0.75740196  1
  S  S10  1  0.32440642  0.28025278  0.99512198  1
  S  S11  1  0.81959490  0.78482062  0.52630382  1
  S  S12  1  0.79283197  0.27202992  0.52827193  1
  S  S13  1  0.35467880  0.79902775  1.00085175  1
"
"Full Formula (La1 Tl1 In2 Ni1)
Reduced Formula: LaTlIn2Ni
abc   :   4.831831   4.828355   6.328755
angles: 113.854434 112.716924  90.177854
pbc   :       True       True       True
Sites (5)
  #  SP           a          b         c  forces
---  ----  --------  ---------  --------  ---------------------------------------------------------------------
  0  La    0.880969   1.08462   0.426879  [0.02332199737429619, 0.034861259162425995, 0.0214154701679945]
  1  Tl    0.650413   0.354027  0.939928  [-0.02032541297376156, 0.004181956872344017, 0.012593921273946762]
  2  In    0.45994    0.660973  0.583477  [-0.001480315811932087, 0.018724728375673294, -0.005090869963169098]
  3  In    0.141378  -0.126436  0.937113  [0.0037928849924355745, -0.012311935424804688, 0.0008651618845760822]
  4  Ni    0.242858   0.476426  0.119519  [-0.005309106782078743, -0.04545597359538078, -0.02978365868330002]","LaTlIn2Ni","('In', 'La', 'Ni', 'Tl')","0.0","15.0","# generated using pymatgen
data_LaTlIn2Ni
_symmetry_space_group_name_H-M   'P 1'
_cell_length_a   4.83183094
_cell_length_b   4.82835508
_cell_length_c   6.32875454
_cell_angle_alpha   113.85443377
_cell_angle_beta   112.71692382
_cell_angle_gamma   90.17785356
_symmetry_Int_Tables_number   1
_chemical_formula_structural   LaTlIn2Ni
_chemical_formula_sum   'La1 Tl1 In2 Ni1'
_cell_volume   122.32002404
_cell_formula_units_Z   1
loop_
 _symmetry_equiv_pos_site_id
 _symmetry_equiv_pos_as_xyz
  1  'x, y, z'
loop_
 _atom_site_type_symbol
 _atom_site_label
 _atom_site_symmetry_multiplicity
 _atom_site_fract_x
 _atom_site_fract_y
 _atom_site_fract_z
 _atom_site_occupancy
  La  La0  1  0.88096850  1.08462330  0.42687886  1
  Tl  Tl1  1  0.65041321  0.35402651  0.93992809  1
  In  In2  1  0.45994013  0.66097304  0.58347682  1
  In  In3  1  0.14137828  -0.12643559  0.93711263  1
  Ni  Ni4  1  0.24285765  0.47642558  0.11951925  1
"
"Full Formula (La1 Eu1 Mg1 Hg1)
Reduced Formula: LaEuMgHg
abc   :   4.925524   6.073384   6.081546
angles:  46.136420  65.857213  65.856999
pbc   :       True       True       True
Sites (4)
  #  SP           a         b         c  forces
---  ----  --------  --------  --------  --------------------------------------------------------------------
  0  La    0.071277  0.40403   0.804732  [0.027345051988959312, 0.009370923042297363, 0.005789590068161488]
  1  Mg    0.568369  0.912304  0.309541  [-0.03717000409960747, -0.013297902420163155, -0.01072777435183525]
  2  Hg    0.318995  0.652556  0.054882  [0.03346437215805054, 0.013523103669285774, 0.014604407362639904]
  3  Eu    0.819983  0.158793  0.557042  [-0.02363939955830574, -0.009596128016710281, -0.009666254743933678]","LaEuMgHg","('Eu', 'Hg', 'La', 'Mg')","0.0","16.0","# generated using pymatgen
data_LaEuMgHg
_symmetry_space_group_name_H-M   'P 1'
_cell_length_a   4.92552425
_cell_length_b   6.07338397
_cell_length_c   6.08154578
_cell_angle_alpha   46.13641971
_cell_angle_beta   65.85721332
_cell_angle_gamma   65.85699897
_symmetry_Int_Tables_number   1
_chemical_formula_structural   LaEuMgHg
_chemical_formula_sum   'La1 Eu1 Mg1 Hg1'
_cell_volume   117.49341366
_cell_formula_units_Z   1
loop_
 _symmetry_equiv_pos_site_id
 _symmetry_equiv_pos_as_xyz
  1  'x, y, z'
loop_
 _atom_site_type_symbol
 _atom_site_label
 _atom_site_symmetry_multiplicity
 _atom_site_fract_x
 _atom_site_fract_y
 _atom_site_fract_z
 _atom_site_occupancy
  La  La0  1  0.07127681  0.40403049  0.80473185  1
  Mg  Mg1  1  0.56836919  0.91230375  0.30954093  1
  Hg  Hg2  1  0.31899480  0.65255632  0.05488202  1
  Eu  Eu3  1  0.81998275  0.15879289  0.55704249  1
"
"Full Formula (Gd2 Ag1 Pd1)
Reduced Formula: Gd2AgPd
abc   :   5.123329   5.125020   5.121513
angles:  59.894932  59.883453  59.915936
pbc   :       True       True       True
Sites (4)
  #  SP           a         b         c  forces
---  ----  --------  --------  --------  --------------------------------------------------------------------
  0  Gd    0.039015  0.891685  0.181614  [0.020030051469802856, 0.010941274464130402, 0.046223804354667664]
  1  Gd    0.540398  0.391831  0.684048  [-0.002183161675930023, 0.009611883200705051, -0.013245102018117905]
  2  Ag    0.790245  0.644433  0.933882  [-0.013283622451126575, -0.01677793823182583, -0.0255938358604908]
  3  Pd    0.292317  0.142053  0.433864  [-0.004563276190310717, -0.00377521850168705, -0.007384871132671833]","Gd2AgPd","('Ag', 'Gd', 'Pd')","0.0","16.0","# generated using pymatgen
data_Gd2AgPd
_symmetry_space_group_name_H-M   'P 1'
_cell_length_a   5.12332862
_cell_length_b   5.12501964
_cell_length_c   5.12151318
_cell_angle_alpha   59.89493222
_cell_angle_beta   59.88345289
_cell_angle_gamma   59.91593589
_symmetry_Int_Tables_number   1
_chemical_formula_structural   Gd2AgPd
_chemical_formula_sum   'Gd2 Ag1 Pd1'
_cell_volume   94.86933900
_cell_formula_units_Z   1
loop_
 _symmetry_equiv_pos_site_id
 _symmetry_equiv_pos_as_xyz
  1  'x, y, z'
loop_
 _atom_site_type_symbol
 _atom_site_label
 _atom_site_symmetry_multiplicity
 _atom_site_fract_x
 _atom_site_fract_y
 _atom_site_fract_z
 _atom_site_occupancy
  Gd  Gd0  1  0.03901541  0.89168541  0.18161365  1
  Gd  Gd1  1  0.54039819  0.39183087  0.68404792  1
  Ag  Ag2  1  0.79024533  0.64443336  0.93388190  1
  Pd  Pd3  1  0.29231684  0.14205293  0.43386384  1
"
"Full Formula (Tb4 Al4 Ag4)
Reduced Formula: TbAlAg
abc   :   4.517599   7.250945   8.520661
angles: 104.785827  98.082606  88.435917
pbc   :       True       True       True
Sites (12)
  #  SP           a         b         c  forces
---  ----  --------  --------  --------  ---------------------------------------------------------------------
  0  Tb    0.253336  0.097556  0.274154  [-0.02653670683503151, 0.002854529768228531, -0.01640712283551693]
  1  Al    0.689755  0.853525  1.05618   [-0.012354426085948944, -0.0019929111003875732, 0.002430219668895006]
  2  Al    0.13311   0.175992  0.901157  [-0.003686295123770833, 0.004570633172988892, 0.017112482339143753]
  3  Tb    0.198161  0.569449  0.157592  [-0.002730068052187562, 0.008923323825001717, 0.03326684236526489]
  4  Ag    0.005918  0.198904  0.586693  [0.02588815987110138, 0.003080843947827816, 0.03544043004512787]
  5  Ag    0.627697  0.451749  0.410843  [0.029083020985126495, -0.01594025269150734, -0.04497936740517616]
  6  Tb    0.612882  0.454529  0.796565  [0.005469532683491707, 0.0032422803342342377, -0.003338530659675598]
  7  Ag    0.820512  0.828356  0.371236  [-0.021679922938346863, 0.007891514338552952, 0.00986475870013237]
  8  Ag    0.14168   0.780159  0.87779   [-0.007841354236006737, -0.009263262152671814, -0.0164125207811594]
  9  Al    0.68128   0.246067  0.080476  [-0.014451771043241024, -0.0017076656222343445, -0.01867678202688694]
 10  Tb    0.570019  0.921611  0.683035  [0.009992823004722595, 0.004650732968002558, 0.03812895342707634]
 11  Al    1.13184   0.577049  0.553574  [0.018847089260816574, -0.006309757009148598, -0.036429375410079956]","TbAlAg","('Ag', 'Al', 'Tb')","0.0","17.0","# generated using pymatgen
data_TbAlAg
_symmetry_space_group_name_H-M   'P 1'
_cell_length_a   4.51759911
_cell_length_b   7.25094495
_cell_length_c   8.52066092
_cell_angle_alpha   104.78582688
_cell_angle_beta   98.08260573
_cell_angle_gamma   88.43591715
_symmetry_Int_Tables_number   1
_chemical_formula_structural   TbAlAg
_chemical_formula_sum   'Tb4 Al4 Ag4'
_cell_volume   267.17630594
_cell_formula_units_Z   4
loop_
 _symmetry_equiv_pos_site_id
 _symmetry_equiv_pos_as_xyz
  1  'x, y, z'
loop_
 _atom_site_type_symbol
 _atom_site_label
 _atom_site_symmetry_multiplicity
 _atom_site_fract_x
 _atom_site_fract_y
 _atom_site_fract_z
 _atom_site_occupancy
  Tb  Tb0  1  0.25333595  0.09755642  0.27415411  1
  Al  Al1  1  0.68975479  0.85352457  1.05617591  1
  Al  Al2  1  0.13311016  0.17599232  0.90115687  1
  Tb  Tb3  1  0.19816095  0.56944872  0.15759185  1
  Ag  Ag4  1  0.00591792  0.19890426  0.58669254  1
  Ag  Ag5  1  0.62769731  0.45174935  0.41084341  1
  Tb  Tb6  1  0.61288165  0.45452931  0.79656450  1
  Ag  Ag7  1  0.82051182  0.82835610  0.37123589  1
  Ag  Ag8  1  0.14167963  0.78015914  0.87778962  1
  Al  Al9  1  0.68127972  0.24606709  0.08047578  1
  Tb  Tb10  1  0.57001923  0.92161124  0.68303519  1
  Al  Al11  1  1.13183797  0.57704867  0.55357356  1
"
"Full Formula (Tb1 Fe2 Si1 Ge1)
Reduced Formula: TbFe2SiGe
abc   :   3.997733   3.997430   5.641329
angles: 110.793475 110.787739  89.924360
pbc   :       True       True       True
Sites (5)
  #  SP           a         b         c  forces
---  ----  --------  --------  --------  ----------------------------------------------------------------------
  0  Fe    0.106278  0.348944  0.52278   [-0.016628842800855637, 0.021874651312828064, 0.0041439831256866455]
  1  Fe    0.605847  0.849954  0.522895  [-0.0027273446321487427, 0.00028105825185775757, 0.003125295042991638]
  2  Tb    0.86056   0.607167  0.035137  [0.03616295009851456, -0.032832637429237366, -0.004593305289745331]
  3  Si    0.498004  0.241913  0.306585  [-0.002259977161884308, 0.005346424877643585, 0.02726730704307556]
  4  Ge    0.231528  0.974982  0.774476  [-0.014546796679496765, 0.005330517888069153, -0.029943227767944336]","TbFe2SiGe","('Fe', 'Ge', 'Si', 'Tb')","0.032238462858402324","17.0","# generated using pymatgen
data_TbFe2SiGe
_symmetry_space_group_name_H-M   'P 1'
_cell_length_a   3.99773299
_cell_length_b   3.99743036
_cell_length_c   5.64132855
_cell_angle_alpha   110.79347545
_cell_angle_beta   110.78773903
_cell_angle_gamma   89.92435971
_symmetry_Int_Tables_number   1
_chemical_formula_structural   TbFe2SiGe
_chemical_formula_sum   'Tb1 Fe2 Si1 Ge1'
_cell_volume   77.98794785
_cell_formula_units_Z   1
loop_
 _symmetry_equiv_pos_site_id
 _symmetry_equiv_pos_as_xyz
  1  'x, y, z'
loop_
 _atom_site_type_symbol
 _atom_site_label
 _atom_site_symmetry_multiplicity
 _atom_site_fract_x
 _atom_site_fract_y
 _atom_site_fract_z
 _atom_site_occupancy
  Fe  Fe0  1  0.10627821  0.34894362  0.52277959  1
  Fe  Fe1  1  0.60584670  0.84995445  0.52289481  1
  Tb  Tb2  1  0.86056033  0.60716690  0.03513699  1
  Si  Si3  1  0.49800417  0.24191266  0.30658536  1
  Ge  Ge4  1  0.23152766  0.97498167  0.77447606  1
"
"Full Formula (Y3 Si6)
Reduced Formula: YSi2
abc   :   4.061657   6.576016   6.820356
angles:  89.475169 107.322403  89.961414
pbc   :       True       True       True
Sites (9)
  #  SP           a         b         c  forces
---  ----  --------  --------  --------  -----------------------------------------------------------------------
  0  Si    0.830835  0.980251  0.805383  [-0.012070681899785995, -0.00031241774559020996, -0.030593039467930794]
  1  Si    0.825143  0.350259  0.794804  [0.01786259561777115, -0.006268598139286041, 0.04339563101530075]
  2  Si    0.638229  0.480695  0.423401  [0.024584388360381126, 0.002247670665383339, 0.0521378219127655]
  3  Y     0.467551  0.165154  0.079376  [0.003716474398970604, -0.0033241109922528267, 0.008485101163387299]
  4  Si    1.00919   0.483058  0.16448   [0.017042603343725204, -0.007156819105148315, 0.03731277585029602]
  5  Y     0.188231  0.164548  0.520964  [0.002251315861940384, 0.0030827559530735016, 0.003538459539413452]
  6  Si    0.647385  0.846009  0.437092  [-0.022028617560863495, 0.014734841883182526, -0.045414239168167114]
  7  Y     0.329844  0.665126  0.8031    [-0.013097239658236504, -0.00035658152773976326, -0.02894018217921257]
  8  Si    1.01736   0.848937  0.1768    [-0.01826077327132225, -0.0026466716080904007, -0.039922263473272324]","YSi2","('Si', 'Y')","0.13384323148488345","18.0","# generated using pymatgen
data_YSi2
_symmetry_space_group_name_H-M   'P 1'
_cell_length_a   4.06165689
_cell_length_b   6.57601562
_cell_length_c   6.82035578
_cell_angle_alpha   89.47516926
_cell_angle_beta   107.32240339
_cell_angle_gamma   89.96141362
_symmetry_Int_Tables_number   1
_chemical_formula_structural   YSi2
_chemical_formula_sum   'Y3 Si6'
_cell_volume   173.89767464
_cell_formula_units_Z   3
loop_
 _symmetry_equiv_pos_site_id
 _symmetry_equiv_pos_as_xyz
  1  'x, y, z'
loop_
 _atom_site_type_symbol
 _atom_site_label
 _atom_site_symmetry_multiplicity
 _atom_site_fract_x
 _atom_site_fract_y
 _atom_site_fract_z
 _atom_site_occupancy
  Si  Si0  1  0.83083482  0.98025139  0.80538256  1
  Si  Si1  1  0.82514294  0.35025919  0.79480436  1
  Si  Si2  1  0.63822925  0.48069501  0.42340130  1
  Y  Y3  1  0.46755094  0.16515392  0.07937582  1
  Si  Si4  1  1.00918755  0.48305814  0.16447993  1
  Y  Y5  1  0.18823111  0.16454799  0.52096368  1
  Si  Si6  1  0.64738455  0.84600916  0.43709224  1
  Y  Y7  1  0.32984415  0.66512601  0.80310015  1
  Si  Si8  1  1.01735748  0.84893721  0.17680014  1
"
"Full Formula (Lu5 Tl3)
Reduced Formula: Lu5Tl3
abc   :   5.134946   8.274272   6.681615
angles: 129.335141  89.999589  89.977760
pbc   :       True       True       True
Sites (8)
  #  SP           a         b         c  forces
---  ----  --------  --------  --------  ---------------------------------------------------------------------
  0  Lu    0.953331  0.675417  0.961133  [0.0009272005409002304, 0.004010066390037537, -0.003578655421733856]
  1  Tl    0.953082  0.005775  0.804915  [0.0002119801938533783, -0.025878649204969406, -0.007145723327994347]
  2  Lu    0.45281   1.05544   0.108188  [0.0028691766783595085, 0.019624268636107445, 0.032986611127853394]
  3  Tl    0.953136  0.158959  0.450838  [0.0008202679455280304, 0.01264786347746849, 0.007423551753163338]
  4  Lu    0.95369   0.485685  0.305117  [-0.0016694068908691406, -0.02710697054862976, -0.009057782590389252]
  5  Lu    0.45343   0.823733  0.414128  [-0.001144916983321309, -0.019439980387687683, -0.017018988728523254]
  6  Lu    0.454019  0.334456  0.865523  [-0.0027824940625578165, -0.009279780089855194, -0.0411810427904129]
  7  Tl    0.453376  0.543208  0.596181  [0.0007682100404053926, 0.04542319104075432, 0.03757202997803688]","Lu5Tl3","('Lu', 'Tl')","0.0","19.0","# generated using pymatgen
data_Lu5Tl3
_symmetry_space_group_name_H-M   'P 1'
_cell_length_a   5.13494597
_cell_length_b   8.27427182
_cell_length_c   6.68161465
_cell_angle_alpha   129.33514139
_cell_angle_beta   89.99958869
_cell_angle_gamma   89.97775984
_symmetry_Int_Tables_number   1
_chemical_formula_structural   Lu5Tl3
_chemical_formula_sum   'Lu5 Tl3'
_cell_volume   219.57362269
_cell_formula_units_Z   1
loop_
 _symmetry_equiv_pos_site_id
 _symmetry_equiv_pos_as_xyz
  1  'x, y, z'
loop_
 _atom_site_type_symbol
 _atom_site_label
 _atom_site_symmetry_multiplicity
 _atom_site_fract_x
 _atom_site_fract_y
 _atom_site_fract_z
 _atom_site_occupancy
  Lu  Lu0  1  0.95333072  0.67541703  0.96113315  1
  Tl  Tl1  1  0.95308227  0.00577515  0.80491504  1
  Lu  Lu2  1  0.45280967  1.05543733  0.10818818  1
  Tl  Tl3  1  0.95313565  0.15895906  0.45083830  1
  Lu  Lu4  1  0.95368951  0.48568493  0.30511667  1
  Lu  Lu5  1  0.45342992  0.82373329  0.41412822  1
  Lu  Lu6  1  0.45401866  0.33445563  0.86552316  1
  Tl  Tl7  1  0.45337608  0.54320776  0.59618126  1
"
"Full Formula (Na3 Zn1 F6)
Reduced Formula: Na3ZnF6
abc   :   5.678445   5.684939   5.894757
angles:  61.222324  61.137668  59.801780
pbc   :       True       True       True
Sites (10)
  #  SP           a          b         c  forces
---  ----  --------  ---------  --------  ---------------------------------------------------------------------
  0  F     0.157015   0.831002  0.722762  [-0.007568035740405321, -0.003786638379096985, 0.003037765622138977]
  1  F     0.569678   0.045531  0.732179  [-0.004903048276901245, 0.01979273557662964, -0.007784202694892883]
  2  Zn    0.90585    0.171972  0.514461  [-0.0010060574859380722, 0.005227361805737019, 0.007674846798181534]
  3  F     0.687097   0.517621  0.274514  [0.04624536633491516, -0.00010406970977783203, -0.026003718376159668]
  4  Na    0.610131   0.881512  0.397232  [0.002539820969104767, -0.00663105770945549, -0.008745938539505005]
  5  Na    0.396836   0.664548  0.038195  [0.007135490886867046, 0.0004370417445898056, -0.00508415512740612]
  6  F     0.793473   0.418398  0.726192  [-0.01948218047618866, 0.004686854779720306, 0.0015594661235809326]
  7  F     1.01421   -0.024311  0.254466  [-0.001907920464873314, -0.015626460313796997, 0.014051496982574463]
  8  F     0.249208   0.287463  0.255363  [0.0007947385311126709, -0.005011118948459625, 0.013160277158021927]
  9  Na    0.125108   0.386289  0.870164  [-0.021848071366548538, 0.0010150223970413208, 0.008134312927722931]","Na3ZnF6","('F', 'Na', 'Zn')","0.38054798593040257","19.0","# generated using pymatgen
data_Na3ZnF6
_symmetry_space_group_name_H-M   'P 1'
_cell_length_a   5.67844460
_cell_length_b   5.68493947
_cell_length_c   5.89475730
_cell_angle_alpha   61.22232398
_cell_angle_beta   61.13766846
_cell_angle_gamma   59.80177997
_symmetry_Int_Tables_number   1
_chemical_formula_structural   Na3ZnF6
_chemical_formula_sum   'Na3 Zn1 F6'
_cell_volume   136.69377226
_cell_formula_units_Z   1
loop_
 _symmetry_equiv_pos_site_id
 _symmetry_equiv_pos_as_xyz
  1  'x, y, z'
loop_
 _atom_site_type_symbol
 _atom_site_label
 _atom_site_symmetry_multiplicity
 _atom_site_fract_x
 _atom_site_fract_y
 _atom_site_fract_z
 _atom_site_occupancy
  F  F0  1  0.15701499  0.83100189  0.72276212  1
  F  F1  1  0.56967774  0.04553145  0.73217938  1
  Zn  Zn2  1  0.90585023  0.17197195  0.51446092  1
  F  F3  1  0.68709654  0.51762120  0.27451422  1
  Na  Na4  1  0.61013127  0.88151193  0.39723215  1
  Na  Na5  1  0.39683560  0.66454829  0.03819486  1
  F  F6  1  0.79347285  0.41839785  0.72619209  1
  F  F7  1  1.01420770  -0.02431073  0.25446640  1
  F  F8  1  0.24920753  0.28746280  0.25536308  1
  Na  Na9  1  0.12510776  0.38628892  0.87016391  1
"
"Full Formula (Li1 Eu1 Ho1 Ir1)
Reduced Formula: LiEuHoIr
abc   :   4.979556   4.976090   4.979905
angles:  60.031161  59.968187  59.984185
pbc   :       True       True       True
Sites (4)
  #  SP           a         b         c  forces
---  ----  --------  --------  --------  --------------------------------------------------------------------
  0  Li    0.027153  0.394208  0.405972  [0.01594887115061283, -0.001695117331109941, 0.020716272294521332]
  1  Eu    0.777935  0.144959  0.1573    [0.004717312753200531, -0.024060556665062904, -0.007338143419474363]
  2  Ho    0.279306  0.643267  0.657084  [-0.02267492562532425, 0.020018383860588074, 0.004847654607146978]
  3  Ir    0.528711  0.893777  0.908619  [0.0020088066812604666, 0.005737360566854477, -0.018225785344839096]","LiEuHoIr","('Eu', 'Ho', 'Ir', 'Li')","0.0","19.0","# generated using pymatgen
data_LiEuHoIr
_symmetry_space_group_name_H-M   'P 1'
_cell_length_a   4.97955556
_cell_length_b   4.97609036
_cell_length_c   4.97990454
_cell_angle_alpha   60.03116066
_cell_angle_beta   59.96818661
_cell_angle_gamma   59.98418538
_symmetry_Int_Tables_number   1
_chemical_formula_structural   LiEuHoIr
_chemical_formula_sum   'Li1 Eu1 Ho1 Ir1'
_cell_volume   87.24298630
_cell_formula_units_Z   1
loop_
 _symmetry_equiv_pos_site_id
 _symmetry_equiv_pos_as_xyz
  1  'x, y, z'
loop_
 _atom_site_type_symbol
 _atom_site_label
 _atom_site_symmetry_multiplicity
 _atom_site_fract_x
 _atom_site_fract_y
 _atom_site_fract_z
 _atom_site_occupancy
  Li  Li0  1  0.02715345  0.39420775  0.40597169  1
  Eu  Eu1  1  0.77793538  0.14495885  0.15729958  1
  Ho  Ho2  1  0.27930642  0.64326686  0.65708428  1
  Ir  Ir3  1  0.52871117  0.89377672  0.90861896  1
"
